1
5.16817 2.23610
2
4.44706 2.64903
6.95034 7.65388
2
5.25583 5.62233
5.02585 3.61233
3
2.74427 2.75706
5.41948 5.19660
4.01975 3.64494
3
5.26499 7.01474
5.64974 7.38298
6.19494 8.37273
4
7.23307 6.96033
3.21336 5.43657
4.62624 8.58298
4.25287 5.61416
100
4.65079 2.44123
3.67602 3.54823
3.77272 2.85578
4.09536 3.67643
6.21424 4.59233
7.74002 4.88636
6.81143 4.43205
4.52044 2.30484
4.13341 2.41700
4.32562 3.47455
6.83209 3.50719
3.83093 2.61827
4.41447 3.34030
3.25111 3.57507
3.78440 2.53910
4.35340 3.41739
3.91184 2.72378
6.79752 4.42838
4.03660 3.52736
3.72469 3.42743
4.86349 2.67949
3.88864 3.82825
3.97566 2.85269
4.17246 3.51622
4.82240 3.71887
4.54533 3.49835
4.15475 3.47991
4.34212 3.67803
4.70150 3.79324
4.59569 3.77933
5.81259 5.34655
6.90562 2.67181
3.84133 2.72857
4.75862 2.90924
7.03379 3.57087
6.10754 6.25808
4.25077 5.85257
6.01143 5.26590
3.66477 2.89129
4.20126 3.25924
4.60073 3.09356
4.46871 3.59454
4.28262 3.60687
3.81576 3.15224
4.18875 2.12699
3.49449 3.27825
4.24319 2.71480
4.76377 3.04574
4.63625 3.24158
4.38573 3.30725
5.94724 4.95931
3.68188 2.80494
3.99571 2.16731
4.45726 3.36672
4.61996 2.46322
5.37209 4.66957
7.27747 2.84640
4.94767 3.66123
4.38246 2.72935
3.62170 3.38708
7.65162 4.43932
4.37027 2.91835
4.36790 2.50249
4.49849 2.70136
4.31709 2.85170
4.01981 3.29675
3.62485 3.02812
4.48196 3.23523
4.61167 5.93870
3.54626 2.31332
4.08148 3.01614
3.63658 3.22402
7.52381 4.49393
6.46364 3.54653
3.94979 2.97762
5.09412 4.88127
3.36176 2.80295
4.60339 6.04464
3.93228 4.16520
3.62780 1.63712
4.23497 2.20335
6.20802 2.78134
4.07352 2.44634
4.20730 2.73901
6.53987 4.57631
3.69141 2.96720
4.46490 2.55485
3.99805 2.79506
5.81350 4.35314
4.07722 2.71604
4.38987 3.11819
3.27716 2.68441
7.10091 3.92708
3.96171 3.98841
3.23685 2.35771
3.88305 3.72618
4.36078 2.88831
3.97428 3.22096
6.44332 2.74390
4.19963 2.99951
200
2.90890 4.06194
7.35789 5.58275
4.66237 3.59845
7.43204 2.14036
3.92507 4.06057
3.87653 4.21502
6.31581 6.06948
3.18168 4.19152
6.55582 4.59425
5.19784 6.88116
6.86064 6.61635
4.75487 1.87642
5.53821 1.06968
7.18747 3.09507
5.57657 1.57220
4.87854 4.34887
4.90466 4.06274
3.25088 4.22024
3.57823 5.97084
3.18878 2.09933
3.22905 2.58989
7.64707 5.03019
5.41257 1.65250
7.76067 2.95396
6.16875 2.09136
5.49013 7.17493
4.02669 3.95614
4.09517 5.12359
5.66329 3.82376
4.29262 1.55069
3.36238 3.47120
4.00954 4.63057
7.70076 2.15910
3.68564 4.37627
8.09173 5.73027
5.82972 5.61214
3.98802 4.88712
3.41010 4.20453
6.09726 5.72564
5.93452 4.68922
5.86896 1.12412
4.22412 4.63504
5.93296 2.09131
6.27359 4.06682
6.42672 5.44691
7.95718 3.01627
3.92007 5.06735
6.43431 6.21861
6.94643 6.54351
6.14437 7.03887
3.72471 4.99686
5.00615 6.73438
3.76218 7.18945
5.54355 6.42887
7.95977 3.97398
7.76948 4.68444
6.58487 3.46531
3.04994 4.62990
7.74323 3.57458
4.15290 4.50788
5.67592 4.06505
4.67327 4.61973
3.98834 3.46388
3.37364 4.41903
4.05611 3.95434
3.01622 2.59833
5.73571 7.48233
7.42953 4.94928
5.76930 2.56593
6.09799 5.63679
4.21835 1.48941
3.20498 4.71201
7.82938 3.28104
3.78073 4.35125
3.30954 3.72387
4.66128 4.23325
6.67944 3.36701
4.20468 4.28249
6.06242 2.73406
5.46196 1.79900
6.95240 3.28021
6.26644 5.44722
4.42340 6.20057
6.47537 3.66435
5.54467 3.87785
6.27719 1.55716
6.04973 6.17093
5.62906 6.51406
4.07872 5.03478
6.24467 1.70176
6.37173 5.61986
4.60350 4.42419
7.51083 6.35865
3.84041 4.37169
4.35203 4.04097
3.78089 3.31099
4.18030 4.41861
3.60141 4.81808
5.12236 1.78468
5.65869 3.90953
3.60208 3.93267
7.18771 2.26191
5.13139 3.03893
3.74822 5.33032
5.46488 6.77945
3.27362 4.06240
5.45100 7.14320
4.38113 4.28104
3.73453 4.16356
3.82595 3.79085
6.89502 2.02535
3.14348 4.06900
3.92949 4.58578
5.69317 1.66037
3.13019 3.69135
4.44806 4.71663
3.28545 4.11769
5.27212 1.54744
7.53402 3.85480
4.05387 4.47559
3.65733 4.43421
4.00897 3.74395
4.87063 4.23210
3.65289 3.64393
3.70909 4.77819
3.42075 4.62769
4.35266 4.40276
4.04223 4.25288
4.35977 4.38287
3.83647 4.12875
3.22656 5.35452
7.80383 3.97765
3.80840 4.19088
6.56608 1.84259
8.52940 4.01273
4.09020 4.57644
3.01558 4.58391
6.26760 4.40142
6.45443 6.30766
7.83059 2.54367
7.22604 2.24547
5.92810 4.59571
4.05800 4.11326
4.18130 4.36179
4.20331 4.90369
6.12870 4.81906
3.41841 4.53099
3.76134 4.68853
7.04494 2.12320
6.04469 1.72172
4.95292 4.24591
5.02485 2.64619
3.51843 4.04744
8.30406 4.50004
3.36068 4.82837
2.78923 2.44135
6.00734 2.26257
2.96743 6.70701
6.25910 1.31155
4.46184 4.08044
3.35731 3.94781
4.73751 6.85592
4.30996 6.62582
4.20473 2.61422
3.77447 4.45297
3.41452 4.47261
5.99365 4.08395
7.63932 2.06699
4.79891 4.55702
6.53567 6.92819
3.40634 3.67288
2.88121 6.53141
5.71739 7.29204
4.74961 1.54613
4.13482 4.95695
4.32293 5.12041
3.92352 4.09141
8.44238 4.89463
3.93258 3.48631
4.80913 6.42105
3.09990 6.47144
8.02446 2.68136
7.20752 4.03179
3.73691 4.09718
4.67862 4.38557
4.01575 5.19502
6.18858 3.44715
8.51333 4.23658
3.17536 3.88785
4.63328 1.95428
7.45944 1.87319
4.01987 3.92374
4.58913 3.90407
3.63060 4.29316
7.39726 5.98096
6.64042 4.83258
5.23501 4.42227
3.95519 3.88179
6.98172 4.82764
5.93551 4.80704
300
2.89775 5.58297
4.46265 8.31013
6.88556 7.82481
6.73197 7.08967
3.88600 5.01199
2.20954 1.83119
5.27246 4.61476
3.52141 5.61518
4.34741 2.30622
4.86076 7.90493
3.61213 5.16572
3.48710 7.56208
1.90795 2.52486
4.99902 7.09521
1.51493 2.95618
7.95792 7.55189
4.66343 3.02792
7.59934 7.33068
2.05489 2.60391
7.77147 7.47330
2.78372 2.58370
3.73942 6.45337
2.04245 2.63838
1.44211 5.04440
4.17329 2.71817
4.01062 2.85221
7.07432 6.20044
3.08839 5.30600
2.69818 5.49213
4.78427 7.81148
4.33906 7.77046
4.72715 4.70502
4.03523 5.80458
3.75065 8.53377
1.73718 3.49715
7.82272 7.09968
6.67023 7.05722
7.20486 7.18276
4.39302 7.18102
3.04214 5.17379
4.24057 8.08638
4.14607 4.66266
6.61238 8.05984
7.64677 7.14591
3.52662 5.28446
3.22150 4.81801
2.56318 3.34696
4.01143 8.03088
6.87019 6.37155
3.53268 2.43043
3.32706 6.16773
2.14359 2.74467
4.38958 8.16424
4.82671 4.43293
6.51743 8.01393
2.92882 2.61347
6.27681 6.62184
4.58777 8.21621
3.40747 1.69346
7.37454 8.02176
3.70790 4.74132
4.30084 4.69573
5.65928 3.60646
4.61888 7.87594
7.19353 6.94174
4.76395 2.66912
4.24120 7.71525
1.49334 2.84284
3.97382 5.40495
7.06809 6.67604
4.01646 7.67366
6.47298 7.87168
1.49054 3.52397
3.78781 5.72705
3.57498 2.29905
4.32797 6.00618
7.74058 7.38490
2.43930 3.16755
4.45424 5.06617
4.32474 8.43043
2.87237 5.40706
4.33088 5.64775
3.70474 4.90314
1.83382 5.63299
7.43735 7.70423
4.34015 7.95457
4.19944 5.84388
7.33201 7.04751
1.70332 3.89165
7.05169 7.29291
6.34100 6.48987
3.12957 6.28360
6.52070 7.58760
6.44477 7.57820
3.25596 4.98390
3.56504 7.83505
4.62828 2.56354
6.33482 7.66237
6.28397 6.79845
7.92894 7.68513
7.52525 6.93199
7.37629 7.50109
1.66994 3.56099
7.97803 7.30346
3.35041 7.78875
3.11537 1.88668
2.32223 2.10277
2.31263 3.26228
3.40233 2.59533
4.32923 5.15770
4.26513 4.60533
3.23264 2.27820
6.75248 6.65865
3.87177 5.67232
7.07124 6.99249
3.66580 7.74708
5.62787 3.44585
6.16248 7.14677
4.28418 6.00019
3.18616 4.71364
4.36002 8.43415
7.28153 7.07135
6.92239 7.15993
3.40733 4.97868
4.25666 7.16646
3.81214 5.34752
3.86611 4.71181
3.43545 5.82952
4.38398 7.84848
2.32062 3.03807
4.32827 8.10354
7.43365 6.67296
2.86535 3.40980
7.58370 6.48266
3.16717 5.70769
4.14189 6.18575
3.05761 2.73494
3.94238 8.52739
1.46650 5.18645
5.05635 3.18729
5.08667 3.46901
1.66995 5.32263
6.98341 8.15591
3.49618 2.05319
7.23079 6.55622
4.11364 2.49483
3.51978 5.52493
3.10705 5.34417
3.91603 5.06242
3.95474 7.68066
4.08050 5.85602
3.75053 6.10128
7.50001 7.80395
6.47382 7.04669
6.97860 7.90594
3.33711 1.60916
6.52629 7.70059
6.57336 6.91674
7.34292 6.65760
7.20598 7.78171
3.99099 5.20130
7.35852 6.83008
3.25700 6.32205
2.83594 2.79229
2.37255 1.68327
3.73922 6.37120
6.78824 6.64313
3.32002 7.99984
4.85348 2.22348
3.55234 5.17058
3.71066 1.89246
4.19748 6.22861
2.72966 2.39917
4.34085 5.59693
3.76791 4.68799
3.51389 7.68955
7.02313 7.73855
7.64498 7.18573
4.01593 2.97419
3.42314 7.38083
4.56768 7.09340
6.07743 7.33314
2.26538 3.95706
5.34472 2.67950
4.01632 2.23028
3.26614 5.03964
3.76135 6.20774
6.49966 7.28420
2.36888 3.11224
4.44476 4.15580
4.29921 8.31180
7.28031 7.00094
7.00851 6.97640
4.00266 6.29778
7.03745 6.70443
4.04275 3.24706
7.45488 7.43210
3.87383 2.86301
7.70714 6.67274
5.10937 7.88410
3.33039 2.94644
3.68374 5.91505
4.19605 4.86528
4.47121 4.84505
6.48307 7.76958
5.08325 2.85212
2.52029 2.36878
6.65774 7.48926
4.05448 5.56508
4.61332 5.94195
3.54804 6.31431
3.76715 7.80020
6.41801 2.99609
3.89215 5.48756
4.25793 2.77461
4.21143 7.92118
1.94591 4.80347
1.96527 2.51805
3.33322 5.21755
3.85679 5.52660
3.81335 6.29674
2.80278 5.58495
3.49749 5.41171
3.17198 6.02461
3.37640 5.53770
4.04783 5.44711
3.77595 5.33292
6.61868 8.02923
4.70455 5.66316
2.02063 4.36218
6.80342 6.92913
5.01720 8.12373
7.28498 7.56439
6.94738 7.25166
2.98711 2.42700
3.67521 4.68560
3.42863 2.83247
3.82659 2.79813
4.57958 2.05765
2.79541 5.82801
2.73560 5.15823
1.76970 3.12740
2.95377 3.44598
6.59401 7.07950
3.93404 5.20354
3.78391 8.28294
4.34346 8.08434
4.12992 5.61977
4.15008 2.39289
6.82170 7.22214
7.87197 6.74214
3.71118 5.81710
7.67315 6.88888
4.10222 3.74928
4.73550 8.16205
2.93288 3.01768
3.76457 3.65273
7.16754 7.86787
1.18905 3.66039
2.85488 2.04440
5.21621 3.55453
3.26413 5.91310
4.37593 7.49426
4.05275 3.08880
7.86576 6.80282
4.87348 8.13035
1.60101 3.74673
4.28065 8.58940
3.38580 4.80638
4.53712 5.94247
5.19214 7.28332
2.70290 2.65082
7.03828 8.02486
4.05858 4.78372
7.74444 7.59550
4.27385 5.10901
3.90917 4.80919
3.40412 5.95798
3.62956 5.85993
4.17262 5.18135
4.31188 5.32769
7.29870 6.83580
3.71574 7.20290
3.50764 7.53402
3.91807 1.50487
3.60965 8.11786
7.10969 7.67470
4.46192 6.02399
7.17210 6.45804
7.76079 7.76221
4.06302 4.91052
4.10009 2.63478
6.90827 7.34767
4.26922 8.28843
1.54715 2.81812
2.44474 3.65558
3.87878 4.51700
3.75131 8.17236
2.40305 4.13803
3.25596 6.02378
100
7.18532 3.98538
3.24051 6.55274
1.98871 5.13318
3.19374 6.61341
4.25586 6.73246
6.17658 4.58029
2.90354 6.93740
3.05520 6.21746
3.44565 6.72359
2.46529 3.99707
3.15181 6.71508
5.79768 3.52410
3.94214 6.35676
5.84955 5.43723
3.65182 6.11012
3.41117 6.41427
2.32753 5.56700
3.21627 6.48267
1.73755 4.70306
5.62854 5.73725
3.76399 4.23306
4.18077 7.28713
3.44859 6.24269
4.97281 5.68385
3.02488 6.52450
4.30094 6.84682
5.32160 4.80509
5.36649 4.19639
4.13309 5.93615
3.67725 7.54781
4.36091 7.62162
4.01896 2.76611
4.23435 7.10151
2.86346 5.84560
3.98162 7.33930
6.83287 4.59913
3.23842 6.84536
3.93926 6.11254
4.30776 4.96926
4.24619 6.68345
3.64925 7.02799
5.55242 8.17240
6.44325 4.01995
4.33624 7.00140
2.56726 3.20836
3.04550 7.20550
1.90433 4.83130
2.89931 7.31277
3.29531 3.41311
5.68582 7.62931
2.69905 6.47121
3.57217 6.09876
3.09345 5.65059
3.44574 5.90032
6.26729 5.83222
3.45698 6.22516
3.93525 4.89256
7.39002 4.59994
2.96563 6.77709
3.73407 4.92583
4.01269 6.09261
5.50556 4.72261
4.00653 4.80288
5.42539 5.49725
3.66674 6.53830
3.77737 6.33451
3.04137 3.49820
3.09686 7.19159
5.70801 3.09881
3.68774 6.03284
3.27932 5.66541
6.30553 3.09962
5.05161 5.05772
3.73785 5.89984
3.54241 6.48052
4.76880 4.24722
6.19944 3.90191
2.23451 4.24380
3.37556 6.06726
5.19567 4.24494
4.27968 6.34676
2.88896 6.12340
6.94067 4.66702
3.12444 6.09028
3.66297 6.43128
5.28941 3.48756
2.99344 6.65742
3.27272 7.39906
5.44059 7.53540
5.55016 5.10728
5.25534 6.84748
2.85869 7.38819
3.72335 7.28541
3.17451 6.89004
6.58672 3.77890
3.38259 6.55357
4.27257 6.93749
3.49760 7.46988
4.86343 5.45019
2.70958 6.43426
200
2.39950 7.36091
5.55983 4.15577
4.60045 3.77243
4.10719 8.28053
4.56607 4.86885
6.26962 4.67216
5.91887 3.21879
4.56708 1.66701
2.92785 7.49880
5.10175 3.51152
2.30212 7.88187
2.66907 6.98494
6.56185 1.73330
5.03514 4.99158
6.37002 5.60840
7.34343 2.73626
6.12071 5.61114
7.47067 6.14162
2.95747 7.96016
4.21769 7.78676
7.28940 5.05963
6.48721 5.69989
5.65256 4.39442
3.87843 2.95170
5.78467 2.53480
6.41415 4.50977
5.02419 5.56464
4.42619 2.15940
5.96777 6.41078
5.05883 4.99965
5.32461 4.30032
3.67913 7.62220
3.60288 7.07164
5.18959 3.86468
5.63008 4.92828
3.74636 8.63844
2.33889 7.50384
5.93677 5.52886
3.93128 8.02426
6.38671 4.61504
3.44545 7.77249
3.14117 7.48876
5.60087 1.80225
3.73064 7.60567
6.72518 2.49286
8.28459 4.07845
5.97622 6.12386
6.67867 3.82518
4.75036 4.21145
3.48943 8.53639
4.98168 3.96590
5.06055 2.16484
2.83529 7.38363
3.26914 7.87340
6.22336 4.76983
5.10086 3.46127
3.33624 8.29528
3.97000 5.52260
6.72361 4.19740
4.30872 4.30681
3.48565 8.07404
3.26063 3.40273
5.73221 5.70871
5.56726 4.49531
6.70818 5.47581
3.25021 7.45052
5.31282 4.89705
4.34944 7.82835
4.65459 4.41765
3.58107 8.19184
3.27484 3.60073
2.91958 7.31177
2.73435 8.02323
5.69047 5.57279
3.86975 7.50173
3.99140 7.41271
3.63560 7.48695
3.27540 4.23252
3.50171 7.84936
5.16291 2.51759
5.30102 3.98424
6.47011 2.50207
3.09461 7.75982
3.93169 7.20631
3.11971 7.77423
3.26749 8.48129
5.98402 4.00655
5.28854 6.43414
3.44114 7.40509
3.00850 8.16314
3.74586 2.95802
4.36724 2.96086
5.24079 5.54239
6.40360 3.52823
5.39983 4.97193
5.97473 3.73302
3.46729 7.66112
4.85867 5.17439
4.95407 5.41645
5.88974 3.18208
3.19075 8.05264
5.21514 3.41590
4.50709 4.77164
5.96069 5.77396
3.46250 7.56508
3.56547 6.96114
4.70973 4.74693
5.57869 4.07099
5.69927 4.01200
3.56415 5.08808
6.67812 5.35341
3.45300 7.78237
6.45563 5.70917
3.54724 8.04869
5.66485 6.37916
5.88316 4.58461
4.94985 4.29093
6.25713 4.62394
7.38358 4.09422
7.48088 2.96976
5.66817 4.74318
3.20283 8.22600
4.98817 4.06393
2.95661 8.12475
3.51522 7.44092
2.79630 7.77911
2.82557 7.43927
8.46717 4.28804
6.78851 4.20424
3.88730 7.93361
3.39481 7.50182
4.60198 4.82919
2.73457 8.38206
7.74512 4.06981
5.49573 5.92549
6.92861 6.26067
2.87553 7.86530
4.23328 2.05547
3.48723 7.86223
3.64659 7.93272
5.29515 4.23109
5.12180 4.41646
4.87617 3.87953
3.70648 7.74263
3.46825 6.72273
3.37693 7.52327
6.07948 6.37836
5.86469 4.41309
5.17680 4.90169
3.11538 3.41656
3.06471 4.41107
3.74191 4.54222
7.18506 5.49720
7.75607 4.73274
7.43525 3.92489
3.14512 8.69906
3.66357 8.18161
7.21113 5.02587
3.95897 4.79002
3.13629 3.91869
3.87768 7.83974
5.86591 5.77323
6.37917 4.10014
4.63670 4.09336
8.42369 3.84190
3.39055 6.80623
6.00313 3.48117
2.33156 7.55481
3.50419 7.50358
3.88634 8.24082
7.69050 4.53593
6.80379 3.99726
5.77292 3.24246
5.67297 5.12657
3.32506 7.98251
8.05569 4.26622
8.29765 3.38059
4.27960 8.11420
5.03164 2.35346
5.54614 3.83529
7.34994 4.70220
4.28941 5.46921
3.77875 4.50576
3.67718 7.08087
2.76727 8.02585
4.23902 5.90868
7.80969 3.72887
6.11458 4.41131
3.86266 5.13748
3.26135 8.33717
3.53446 7.02802
6.83165 2.82495
3.04114 7.74836
4.11478 7.14628
2.62379 8.13938
5.64494 4.40828
6.86772 3.27011
5.85922 4.08795
3.17363 4.30500
4.82417 3.12444
300
3.52718 3.57388
5.10089 6.14285
6.28719 4.45822
6.07953 4.55468
2.82577 2.23660
3.74269 2.68949
2.73660 2.92303
7.21597 7.17124
2.05529 5.63869
3.96912 3.11942
7.06746 4.88411
2.06421 5.76170
1.30747 5.11600
2.45926 5.57662
4.04450 2.73451
1.87025 5.32021
3.04930 3.57999
2.42377 5.38541
1.91448 6.23450
5.92918 4.03888
7.11968 4.29816
3.20636 3.13151
6.09477 4.32584
4.11977 3.13119
3.31836 2.56471
2.79545 3.32685
4.92618 7.04478
6.78758 4.41766
6.45337 3.61801
3.88000 3.00616
4.89566 1.35255
7.01344 7.13156
2.59222 5.17620
5.36373 7.74708
2.03346 5.96733
6.07380 3.47386
5.67931 8.55142
7.04605 3.77199
1.66242 6.35166
6.57386 6.91107
3.69524 3.58938
6.28205 6.67135
2.48861 2.54048
3.70276 2.58697
2.69392 2.24946
3.31198 2.43576
6.47183 6.98124
5.77280 2.17523
6.71121 3.46131
6.18654 3.96603
8.00192 3.81099
3.52026 3.32473
6.26197 3.34806
6.41591 7.18192
3.12774 1.93922
6.56617 4.02350
6.41023 6.52417
7.52473 6.08602
6.38019 4.75620
7.41745 4.72895
1.68196 5.77442
6.59206 4.32121
6.99253 5.19193
5.93180 3.71813
2.91430 3.30286
3.21264 3.19223
2.90449 2.97034
2.31709 5.21941
2.09023 5.67069
6.51618 5.16454
5.98705 6.17601
6.37000 4.21110
2.05520 5.42897
7.24097 6.66683
6.70777 8.69081
7.01700 8.73587
7.02876 4.37531
5.45277 4.42376
6.92333 8.24908
7.72524 7.25039
6.48495 2.07824
6.18316 4.55410
3.06333 3.45074
3.17295 2.01338
6.75693 3.93549
6.61693 6.59963
5.36281 6.67992
6.26338 8.65401
6.59521 4.58024
5.05301 6.92517
2.38498 5.79994
6.52884 4.19341
3.51659 2.90794
3.42340 3.34384
7.65742 7.78777
7.58404 7.13023
6.56133 3.87081
6.30005 4.28660
2.77475 2.64469
1.25454 5.28551
5.83873 4.01428
2.80696 3.11149
2.88212 5.34922
6.62950 4.37371
6.28584 4.42049
5.00819 6.73860
2.96047 3.69232
2.93767 2.90131
6.75884 6.65325
3.81675 3.35936
2.91763 3.36073
2.85898 3.28948
7.66196 7.31513
6.76538 4.91351
2.87038 3.57005
6.26043 4.47867
7.09030 7.20340
6.77471 7.63209
3.32156 3.79650
5.73578 4.42928
4.45755 1.33941
3.92457 3.40083
3.10927 2.00606
3.17929 2.22289
6.61323 7.73730
6.65679 6.56869
6.83850 8.30914
6.27389 7.17231
6.35685 4.26110
6.86825 4.36510
5.88799 7.01634
2.49830 3.15819
5.78303 8.52308
3.04642 3.06582
2.86496 2.64943
6.98543 7.31037
3.22421 2.65841
6.20605 7.20860
6.60826 4.24998
2.14603 5.96667
7.76317 7.53657
3.76596 3.20132
6.54860 4.23328
7.25536 7.48569
5.07196 7.05814
6.74612 4.93083
6.54750 4.67950
2.35199 5.52529
2.52644 2.95709
6.13311 1.53070
3.67059 3.51935
7.14737 3.51612
5.98142 7.65498
6.63457 4.02958
4.84604 7.77920
2.75066 3.19116
6.63061 7.06950
7.16627 6.86829
6.04168 1.90808
2.92715 3.90229
5.88222 4.69557
1.84353 5.33121
6.11904 8.69693
6.79918 4.20782
5.36574 6.35765
3.32947 2.94771
5.53302 3.87367
2.59655 3.50492
3.44502 2.12755
5.84847 1.53201
2.93625 3.56951
6.05283 4.61323
7.72327 4.32666
6.84536 7.93477
5.25851 7.75907
6.83328 7.11616
8.12710 7.54588
1.68980 5.99543
5.59680 8.61082
6.44823 4.41057
3.50845 2.05058
6.42706 5.06077
1.67479 4.93518
5.47094 4.50707
6.66822 5.11369
2.70838 5.93083
6.39471 4.16862
6.70462 5.22481
6.93923 3.61704
6.07716 4.18697
6.16464 6.96149
2.65663 2.64449
6.44344 1.97673
1.28832 5.26478
3.20484 3.12575
2.05055 6.26649
3.01167 3.24711
5.94998 7.21521
2.69989 3.83550
2.12767 6.45192
3.02134 2.83032
5.84367 4.53791
5.14726 7.61770
2.85039 2.66336
6.95435 6.97191
7.45418 6.45772
5.90965 1.59235
5.45174 2.73435
6.25440 7.12097
5.05659 2.07356
6.23779 4.24909
5.20613 7.89995
2.30309 3.41648
4.94603 3.11434
3.54109 2.86065
3.83665 3.14705
3.40747 2.82306
7.51168 6.32403
3.61497 2.86598
6.15223 6.75598
2.37214 3.07616
2.97927 5.65991
7.89785 6.25563
6.26017 7.99193
3.23386 3.00857
5.46135 7.47129
7.39618 4.73996
5.99991 3.67409
3.61443 3.13687
6.00501 3.84355
7.09493 3.75209
5.80709 4.32607
3.43988 3.05371
2.60231 5.61838
7.12504 8.62301
6.49703 5.15264
6.90242 7.06237
6.05475 5.15587
5.34553 7.28418
4.91986 1.22431
3.27956 3.18491
6.78018 3.67745
3.66493 3.12409
2.39149 5.73239
5.86776 7.49459
3.40739 3.00491
7.00625 7.69668
7.14688 4.20935
6.23602 4.13982
5.81717 5.77526
5.85949 2.18302
7.06259 4.66801
5.14279 7.16632
2.35869 2.69553
5.43442 1.47638
6.37085 3.49487
4.98567 6.37999
1.98064 5.70731
7.28185 7.22321
3.44193 3.81220
3.25996 3.30694
2.17946 4.96148
7.27364 8.37763
5.21997 1.60157
7.73362 6.50488
6.45213 4.67432
6.63541 4.44753
7.13739 7.04864
3.25582 3.18857
3.88385 2.28701
3.00785 2.36255
1.58336 5.93408
4.80044 6.49139
5.86503 4.26552
5.64454 4.42828
2.16007 5.82763
6.26893 3.73702
5.49840 3.98207
3.46503 2.22225
6.95183 4.99650
5.76004 1.23895
7.15045 7.91714
6.64916 7.19714
6.39453 3.64658
6.55465 3.50012
7.42411 8.37088
6.34540 8.80826
5.76287 3.67109
6.58486 7.31779
6.83714 7.36736
5.54992 4.42480
6.04635 7.19841
8.13288 7.22604
2.79019 3.54967
6.94799 5.89984
2.83202 5.79054
4.87186 1.81584
3.48505 2.82328
5.91109 7.66704
4.10190 1.81858
300
7.37224 4.99176
7.94831 3.00809
2.93230 3.91958
6.61663 4.73514
6.70445 2.04281
2.24203 7.04624
5.02875 4.44643
3.12125 4.16443
2.49399 5.02226
2.72805 5.10767
5.25824 3.60199
4.21891 5.88268
2.55281 3.54421
6.06048 5.50089
4.62602 7.04096
4.14937 5.41924
7.05994 2.21062
2.82649 4.31709
2.62973 2.08994
2.54465 4.83780
3.46599 1.75301
7.04274 3.48133
4.90155 1.87024
6.38336 3.02425
1.94120 5.92257
1.60382 5.74483
2.79143 3.54309
2.37080 3.27987
4.79497 2.46738
6.11481 5.47126
3.22458 4.65996
3.28473 3.63341
2.77002 1.57481
5.39953 3.50119
3.36755 4.03322
3.33105 3.61607
5.43681 7.23497
2.64603 1.77872
3.84898 3.93777
6.81174 4.00541
2.84317 4.59054
3.82542 5.84782
4.42621 2.48316
5.29380 3.68695
7.07834 6.01804
2.43518 6.29187
6.17617 4.17430
1.72250 3.82496
6.17778 7.72558
5.09303 4.75343
6.14533 3.79961
2.71695 4.33674
6.73120 3.66802
5.17531 6.38097
5.71834 6.02130
5.62571 2.27700
2.84970 3.92633
6.93340 4.79438
4.81872 4.94312
6.59767 6.28400
7.48595 4.33495
2.93067 6.16014
4.21793 2.06427
2.98500 4.19991
3.02106 7.28407
4.56075 5.71113
5.41770 2.04328
4.32887 6.75024
5.62588 5.12088
6.08524 6.11986
7.01806 6.90904
7.08846 7.05339
2.56221 3.38324
4.34602 2.01229
4.80797 6.50598
6.61704 4.90429
2.49072 5.33065
6.58381 3.72765
3.93152 2.36147
2.51464 3.29931
8.28362 4.62518
7.34750 5.62712
3.43274 2.06455
7.58940 3.63978
4.59556 2.57997
3.83640 7.03297
7.75094 3.59553
7.85949 4.79201
6.84037 4.69040
3.14776 4.48209
6.29124 4.56024
3.36466 2.91053
4.90183 6.19242
2.93266 4.57460
6.09638 3.29380
6.68119 5.20984
2.34148 4.11200
6.90965 6.36691
5.94277 6.35572
4.35364 1.85590
2.76584 1.42423
4.38921 2.37356
6.29250 6.93430
6.64506 4.00005
6.58989 7.40809
6.36930 3.88082
4.58517 6.36895
2.85466 4.77482
3.28320 4.77799
3.86444 3.86408
5.36431 5.74067
5.22666 5.72536
2.54475 3.67755
2.85773 2.36610
5.99600 1.63998
3.83754 6.87326
2.67317 4.65741
5.50160 7.30401
2.99778 4.66366
5.86874 6.11915
2.23242 5.60200
2.52478 4.93066
3.39201 7.59494
6.23310 3.46367
2.72842 3.99783
4.71096 1.53204
1.61270 5.18724
4.47074 4.88656
2.03649 3.93716
3.28517 4.42172
6.08039 5.02628
4.20107 5.33618
5.40507 5.69945
4.85195 6.14317
3.80751 5.74988
4.59806 5.11997
5.51502 5.19448
4.57683 5.97299
3.00733 6.65949
3.02677 3.94936
1.90599 2.30639
2.25588 3.82123
3.01498 5.07026
4.58503 2.15483
7.40197 5.67904
2.67975 3.75123
2.74351 3.96112
4.20156 4.50770
3.96647 7.83286
3.10961 3.55837
5.32335 3.68864
6.93384 5.25125
2.85019 4.65430
7.69691 5.13096
2.50091 4.59521
3.44134 3.68195
6.25750 2.84552
5.69761 4.34822
7.80203 5.30716
5.91246 3.91089
7.17203 2.97544
2.23507 6.42810
5.61130 3.92235
2.43963 4.48332
2.04804 5.41920
4.35084 2.23112
3.17466 6.53470
5.54487 4.98416
2.80882 4.27587
7.54780 6.11082
6.80905 1.86482
2.03751 1.88706
5.75442 6.42345
4.56198 4.79933
6.27983 5.94173
1.66510 6.17185
6.73877 4.55383
4.88041 8.13053
6.32522 6.40502
2.71676 5.37230
2.94127 3.61049
5.98219 7.20132
3.19788 5.01484
6.87234 4.27122
2.80058 4.15916
6.66640 2.89838
3.28505 3.32545
2.44248 3.90131
5.19146 7.15357
4.44974 1.69161
7.35562 4.64385
6.09759 2.05825
3.07006 3.89462
2.45189 3.16720
6.20377 6.45933
6.11320 4.19639
6.47590 7.55816
4.86911 5.39657
2.42024 3.73339
6.60800 3.78841
2.81361 2.05628
5.95757 4.88158
5.56733 4.49394
6.60513 7.17112
4.84828 5.02645
2.45847 3.69037
7.04364 2.74180
3.38661 3.45664
5.03024 7.54433
6.95631 7.18566
1.72091 2.57304
6.20573 2.64677
6.24566 4.48239
3.08402 3.71092
2.37327 6.30833
3.71715 4.46476
3.04869 1.55097
6.33626 5.20947
2.48037 3.62985
3.86810 5.40515
5.64910 6.10609
3.00811 4.18422
2.89630 3.44227
3.69259 4.43689
2.27015 4.46665
4.98914 3.53217
5.98721 3.22947
3.17568 3.24451
1.94154 4.44427
5.73946 1.51870
2.99347 4.46607
4.29696 2.88542
3.19507 6.34487
7.30363 3.66133
7.06065 5.71970
5.87514 4.64768
7.20364 6.27276
1.42404 5.27570
6.00602 3.94874
5.37622 3.88345
7.02488 3.15590
2.05103 5.60393
7.48845 4.09627
4.36151 7.37048
5.59223 3.48146
5.75317 5.03829
5.64135 2.48635
1.90044 4.01899
6.33635 6.54591
7.71851 4.88530
5.97035 4.44788
6.97302 3.56557
4.88008 7.47477
5.41442 4.19085
2.44341 4.75247
3.57432 3.28986
4.98319 4.53159
5.22290 5.89291
5.17333 4.22202
5.31799 4.00667
5.34717 7.09328
6.23235 5.77086
4.75194 7.43086
4.98403 4.01423
5.68143 6.74251
6.17244 6.67197
5.63300 4.64704
8.22668 3.15744
4.70571 4.58352
3.31947 4.48693
5.05479 2.66325
6.22914 1.77938
4.94734 5.12182
3.80135 4.00622
7.39010 4.47559
6.95631 4.12840
5.53736 2.59506
5.03019 7.64809
2.36030 5.45944
2.74517 6.31400
2.28231 4.68163
5.34074 3.35305
6.03591 4.15595
2.61177 5.98382
4.34991 2.41563
2.00402 2.04359
3.49478 6.66421
4.08509 6.55779
5.90782 3.35726
4.72101 6.18097
4.34503 5.79301
3.36204 4.42718
5.65916 5.93126
3.80226 6.70162
4.83937 6.40445
1.69915 5.42303
5.14790 7.88794
4.19168 7.47701
6.71525 4.40656
3.54993 4.12676
300
5.77922 8.42415
1.62513 3.52815
2.78890 7.50795
2.59583 5.10666
5.54727 7.39199
2.21820 4.62570
6.77966 2.53356
3.04239 5.49335
4.38766 3.65118
3.02317 5.67110
6.27412 7.41232
6.02433 7.04530
5.18366 4.42850
3.36772 2.87456
3.44370 4.73548
2.52069 4.78347
5.99594 3.41678
7.54530 3.79564
6.65925 4.07400
6.38570 3.64846
5.85655 7.63005
7.98782 2.55101
7.02581 3.53318
4.22274 6.76475
7.01959 2.80555
2.56569 5.40051
2.01135 4.81390
3.57781 3.13209
2.45456 5.07374
2.73745 5.50640
4.85765 6.78616
3.69082 7.50046
6.94015 2.74315
4.90991 4.99213
3.69651 7.75068
7.33381 3.81949
6.71243 8.32450
2.85334 4.54292
4.65607 3.48311
6.20841 8.20827
6.74482 3.08690
2.81020 3.42204
6.41592 7.31962
7.70898 3.97430
7.46016 2.95767
7.21862 2.73994
7.05526 7.75194
6.34809 6.41386
3.31713 4.76370
3.17191 4.69610
4.93183 3.10633
5.62039 4.12619
1.08757 4.43952
2.93534 5.48965
6.41258 7.34909
6.47865 7.13908
7.94792 4.24906
5.61332 7.80267
2.41440 4.26431
7.00258 2.69132
4.88425 6.34490
7.35253 2.56607
4.77994 6.85597
6.43060 6.82996
3.66851 5.39115
8.05216 2.86910
3.25828 3.60913
7.20031 3.34209
5.03868 4.92787
5.16533 3.55421
3.64657 7.23433
3.64049 6.92184
2.85144 5.63053
2.46146 5.27046
3.76886 7.47406
7.34672 2.29423
1.90136 4.82441
7.70998 3.06032
2.75394 5.88233
4.17726 7.14533
6.60824 7.73146
2.92267 5.62524
2.10744 2.80782
6.74571 3.59952
5.00255 7.70250
6.97199 7.68668
2.27882 5.86915
6.25411 4.43318
3.57460 7.02299
4.17865 7.05685
6.54529 7.13278
6.94389 4.24925
5.55850 4.70989
6.74929 6.74117
3.12115 5.33640
5.39569 8.25997
6.10236 8.05035
4.80228 6.83831
4.60967 5.89217
1.84832 5.10450
4.26263 7.43666
3.56883 3.06866
7.15410 4.08857
2.75700 3.94399
2.55206 5.74782
2.84622 4.01379
6.04592 7.80741
3.29970 4.63323
4.39201 3.85957
3.54196 5.16190
6.55724 7.29292
2.59375 5.34488
3.25046 3.09292
7.36303 4.07494
2.90546 4.38822
7.44897 3.71103
5.23261 4.81873
7.64593 2.43594
3.75435 5.09730
5.31260 5.00772
8.20178 3.46027
2.95606 4.22695
6.40052 6.73473
2.72560 3.54058
1.97430 5.77488
3.43245 2.86137
3.79294 7.75504
4.61228 7.38535
4.24957 5.18080
2.90233 5.82719
7.15375 3.11803
6.07285 7.57218
6.87722 3.20826
3.39466 7.77673
3.66472 6.29578
2.72596 6.05022
7.39809 3.30539
2.29454 5.44136
4.45521 8.01868
7.58734 3.00326
2.26837 4.98220
2.20740 2.76803
3.31618 5.41763
6.58516 4.01982
7.34033 4.52549
7.67416 3.74653
7.24529 3.14387
7.85694 3.91418
3.12066 7.39629
7.84724 4.43177
2.63240 5.29809
6.61446 7.76999
7.39952 4.38623
3.05231 5.18285
6.87790 2.86031
6.93355 3.35425
7.16710 3.22355
7.98867 3.55148
2.85553 5.96657
4.58073 5.62757
2.48275 4.49599
3.01551 5.81754
7.10079 2.46580
4.12710 3.06307
3.93424 7.78126
3.07552 5.39208
2.95604 4.76612
3.14970 5.02043
4.54785 3.47980
5.92779 7.60017
6.87281 2.68734
2.47701 4.92089
3.37325 5.80388
2.78339 7.12008
1.87809 4.62071
2.08957 5.47644
2.63958 5.02285
3.60836 7.56925
3.19849 4.64222
4.41169 6.85340
6.72482 4.18550
3.69557 4.85957
3.09141 4.51800
3.25252 5.13434
4.87191 6.96913
6.14471 2.74030
3.29893 7.60508
7.23528 4.00237
3.05132 4.40693
5.92829 7.45085
2.70265 4.31390
5.98389 7.48827
3.70443 2.82193
6.47093 2.50871
6.20633 7.32344
1.87892 5.11709
3.20625 5.51390
7.11299 4.44510
7.20672 3.24321
4.41239 7.17751
8.02131 3.33869
6.66525 7.09709
2.24176 6.13267
6.82292 4.06042
4.37682 3.97669
3.38941 4.46144
2.34712 4.43116
3.36563 2.81581
3.41775 4.70643
3.13876 5.18588
8.17405 3.42917
1.38997 3.90880
2.24957 5.70681
3.75884 7.29058
2.79990 4.91218
3.07797 4.49481
3.28224 4.98584
3.55011 2.80823
7.52762 3.08594
5.65172 4.64466
4.89390 3.49928
6.58102 2.95058
1.95070 3.71590
5.19218 7.66985
6.78544 3.16689
3.25965 5.73017
4.84335 3.36770
7.38386 3.38467
3.55080 7.42070
6.89869 3.78045
7.01152 4.57964
2.18623 5.54537
2.95093 5.01054
4.02856 4.10862
4.12290 3.32237
2.36088 5.48285
4.38760 5.15838
7.98727 3.45495
6.85445 3.86732
2.83063 5.00985
1.70188 3.53284
5.35732 5.18706
3.20381 7.06674
6.55601 8.49512
2.73127 2.98876
4.85706 7.05224
6.06674 7.19725
2.65880 5.80523
4.86864 6.59529
4.14181 3.75694
6.40222 2.93069
3.68549 8.18808
6.23629 8.37465
3.04718 7.07483
2.64922 5.59786
4.22048 7.91866
1.97766 4.92311
7.08461 4.03604
3.07346 5.04138
6.59440 6.48598
7.60197 2.49492
7.40995 2.26699
6.86556 4.00304
2.73876 3.84688
7.42190 3.20895
3.42332 5.67386
5.40743 3.71421
8.01363 3.89571
6.21566 3.01936
4.21484 4.23888
2.60473 6.21581
7.03862 2.92306
4.40541 7.49148
7.38508 2.63182
2.46876 5.56177
3.21310 2.77065
4.73418 7.13991
6.06391 7.29355
2.86671 5.30951
7.75215 3.67517
4.18098 7.60419
4.30723 6.72319
7.89342 4.41863
3.42699 5.21599
2.14492 5.02708
5.19318 4.21753
7.38934 3.31703
7.23220 3.54382
7.61486 2.95236
3.06426 4.09763
6.75043 6.99323
4.00897 7.28882
5.31654 6.95014
7.66623 2.31373
2.73838 6.24115
7.43623 3.47262
4.30274 4.49366
6.99252 3.77971
6.46062 4.28532
7.01041 4.22418
100
4.24941 2.64906
5.12888 3.71316
3.86722 7.15442
4.92444 3.19103
4.82204 3.95325
4.95243 3.19027
6.21374 4.65010
4.83884 5.64852
3.73157 2.77006
4.77294 2.67195
3.78623 5.63820
2.46754 6.60251
3.15940 6.85110
2.35221 5.62482
4.27482 3.53726
3.46542 2.39949
4.34827 2.26353
4.39129 3.67017
4.88246 3.31506
1.97020 5.87010
4.71855 7.10166
4.34184 5.11280
4.16145 3.24677
2.40214 5.23907
4.08009 3.70756
4.86601 2.47597
4.11991 2.65434
3.61494 4.72319
5.09288 2.05016
5.11403 6.35766
3.89263 2.20741
4.16610 5.47737
5.37776 2.97336
3.31138 2.44399
3.17999 7.05987
5.21464 3.37416
3.58607 3.00466
3.94990 2.73792
2.18031 6.61862
3.90520 5.71459
5.86224 3.51617
5.88186 5.38005
5.84204 2.77738
4.93174 7.09530
1.52330 6.44845
2.65858 6.50527
4.85009 2.97616
2.32450 6.29182
4.85502 4.87538
4.04110 3.15308
4.28102 2.56608
2.65956 6.37500
2.70601 6.36127
5.16085 5.60012
2.03092 7.17587
4.63531 4.20731
4.24251 5.41220
4.00001 2.78432
2.60344 6.27815
2.30023 6.16758
3.10420 7.08805
3.31390 6.06046
2.64247 6.29734
2.42193 5.76282
1.76742 6.86924
4.08676 2.63941
3.76258 2.72676
3.53866 5.71816
2.32393 6.95233
2.21581 6.20762
2.83986 5.82493
3.26670 6.82866
2.45612 6.25525
3.38567 4.69211
3.18718 3.25849
2.83569 5.79967
4.09020 3.59324
2.06549 5.89523
3.36930 6.18243
1.97571 6.57764
4.17178 3.65743
5.23269 3.46214
2.34938 5.44007
5.26403 3.03133
4.41731 3.12317
4.31999 3.77559
2.87458 6.21763
2.46951 5.55479
5.18481 3.22066
5.79033 3.07483
1.97763 6.15222
4.71450 2.63219
3.34681 5.27158
3.26899 5.91259
4.13470 1.99713
4.51570 4.80910
4.52973 4.29532
3.65062 6.52788
5.18103 4.66058
3.19641 2.90160
200
1.68112 7.52137
6.12427 5.21780
4.37297 5.95276
2.29198 6.61389
4.79601 3.06280
5.68839 6.07987
4.76658 3.22381
7.26322 4.19614
2.60675 8.20487
5.69777 2.90806
5.49024 3.52109
4.77171 3.25798
2.22040 7.40157
4.50862 3.42698
8.37819 5.44361
6.77707 5.19932
4.25371 6.03975
2.04630 6.55247
2.96149 7.90429
6.12270 4.73729
2.24691 7.22453
4.56921 2.87764
3.82580 5.94580
3.74238 3.88826
5.26565 6.31378
5.24569 3.06226
3.77908 3.64841
2.22166 7.44382
2.52067 7.61628
7.00912 6.57840
4.80766 4.11156
4.22937 3.84780
7.06291 4.97572
4.61721 6.63546
8.29043 7.02164
2.02963 6.78731
4.77064 6.66802
4.83624 6.23112
2.12737 7.23285
4.67782 3.80228
7.86548 4.61634
5.63786 3.09347
5.64619 5.88111
4.29478 3.86938
2.43964 7.67170
2.75912 7.25370
2.06682 7.88005
6.83330 7.46497
6.35560 4.44624
6.11662 6.05635
1.86038 7.34836
5.79759 3.68771
2.28359 8.15626
4.64054 3.44253
5.04635 5.71246
7.20343 3.48760
4.91480 3.93302
2.84003 5.34881
5.41718 7.60299
6.77185 5.45617
6.58476 5.87799
2.70848 7.88808
3.28178 7.38162
5.40552 6.71503
4.94147 3.00903
6.70266 4.40949
5.07608 3.12021
2.49540 8.29069
2.47077 6.69736
2.19142 7.62494
7.50731 4.81601
3.00701 8.15136
5.50039 3.90616
6.89069 7.45293
5.85849 3.36460
5.95530 5.84157
7.03778 7.18585
2.28163 7.61298
1.94032 7.29329
5.43555 5.34215
5.24633 6.59506
2.53940 7.24189
2.63583 7.67162
5.34380 3.73894
7.21945 7.02195
5.34627 3.75999
2.73498 6.88822
6.30701 5.69752
8.24497 6.00132
8.14017 5.86823
7.15820 5.95903
4.15545 5.55373
4.96267 3.24015
2.21778 7.74877
5.03367 2.67615
3.06224 7.30770
2.18395 7.53525
5.26021 7.54946
2.81208 7.82473
5.96825 8.00149
6.12250 3.86290
4.34192 3.56152
5.01598 3.94951
6.01706 3.33769
2.96995 6.84037
2.69941 6.95564
1.60028 7.06131
2.40004 7.70751
3.18664 6.99236
5.84081 5.45469
5.58195 6.78084
7.45116 4.72208
5.51895 3.03188
1.89100 7.25076
5.81463 6.13760
5.20424 3.50937
4.90543 5.98944
2.53700 8.22745
5.07084 6.07822
2.57766 7.19142
6.07162 3.70035
2.58316 8.27063
5.98207 3.73745
8.01727 5.49343
5.35158 7.59875
2.29816 7.60502
3.97901 4.41930
2.17362 6.58846
6.46412 5.04196
5.10308 3.53308
1.80752 7.58014
1.74991 8.23941
6.05308 5.99255
4.58864 3.77824
2.51137 7.66806
4.97870 3.98081
6.89500 5.19510
4.87688 3.92017
3.08726 7.62640
4.67859 7.89643
2.58160 6.90538
1.68492 6.81936
6.56104 6.48367
7.88820 5.81525
1.98132 7.80795
5.67707 5.79166
4.27181 5.64121
2.80638 7.69477
2.32245 7.25520
5.20551 2.69180
6.32474 5.94232
8.60266 5.58719
4.93107 5.67089
5.11772 3.23880
2.40159 7.79902
5.01088 7.01114
2.15188 7.64191
4.86582 3.40771
7.13219 3.85659
6.64759 6.04381
3.91096 4.50000
1.86803 6.98192
7.08845 7.58574
4.40610 5.44695
5.75184 5.90052
3.02640 7.18969
6.19624 8.18411
4.60664 4.32817
5.44005 3.72492
2.36455 8.00306
3.17005 7.58531
5.45239 3.96663
2.35997 7.29160
6.82447 5.17154
5.94887 5.98560
5.11329 4.11052
4.83709 4.15063
7.77503 5.33188
5.34207 3.61548
1.64553 7.62009
4.74506 3.62826
3.84838 6.20647
2.65692 7.09425
6.67279 4.93528
5.73383 4.88334
4.46468 3.04358
5.14116 3.18197
2.95553 7.31655
4.64983 3.17699
2.35345 7.72784
5.27636 3.92500
6.20960 6.49032
1.52601 7.26546
5.09562 6.23367
4.58088 3.73148
7.16721 6.51506
2.77486 6.99634
4.59750 6.12365
1.94029 8.26462
4.89677 3.82923
300
4.80576 6.12418
4.40509 3.58149
8.24092 3.39950
8.23399 2.99237
2.97603 2.75667
7.50409 6.99637
1.72166 2.94475
5.58076 1.59368
8.01733 2.93436
6.55457 3.47553
6.11968 4.62423
5.45045 3.16655
5.15578 5.81369
1.55756 3.60291
6.08051 1.96803
7.82919 2.34250
6.24513 8.14966
6.06182 7.65338
8.09737 2.76942
7.94748 2.68249
2.00458 2.69899
7.68237 2.94379
6.22295 3.37196
2.56352 2.19615
6.94886 7.78088
2.64081 2.09104
5.04866 5.41637
6.10785 1.52008
6.64208 3.06439
4.14651 5.02854
7.16484 5.64234
7.37928 2.97137
4.55506 5.36512
7.29508 3.59062
4.32790 2.96401
8.03233 2.81297
5.75011 6.52261
5.37470 5.31976
4.33160 5.13071
1.64675 2.30786
5.25294 4.29463
4.82697 8.07482
6.70687 2.61617
8.22635 2.66056
5.00595 7.65210
1.86964 2.30634
1.55839 1.91121
7.58737 3.26271
5.49758 1.76459
5.47875 1.61446
4.66536 6.04447
2.50823 2.95548
8.03360 3.83591
5.53376 2.52052
4.25070 7.91783
5.55739 7.76393
5.69665 4.89336
1.66695 3.27041
6.70564 7.98533
5.27076 1.62728
1.85924 2.12710
5.94307 6.89717
5.46736 6.75475
7.66706 3.87165
4.70272 7.62308
2.83119 5.47161
6.58253 1.27218
1.94497 2.33635
6.89900 2.91917
6.03231 4.04262
3.51772 4.76459
4.32367 6.50919
1.13127 2.45749
7.46937 3.38073
7.77617 2.89772
1.36610 2.45688
7.66312 2.98596
5.52735 7.01435
3.40642 4.61990
4.17552 5.51379
2.25046 3.05858
6.25455 4.77434
2.49558 3.23280
6.00642 7.53257
4.10413 4.30460
7.64912 3.29554
4.64333 3.88496
6.51964 8.19078
4.57138 2.77367
6.98133 5.52531
4.30119 4.45981
8.33418 2.56069
6.03714 7.58209
6.02676 7.02828
4.64645 5.43953
2.50540 3.55664
5.44737 2.78381
8.19739 3.31369
3.75333 4.02710
5.83087 2.22687
2.35382 5.31916
5.71150 4.51765
6.91184 2.53102
7.61848 2.41737
1.45082 1.93304
2.21872 2.62199
1.81878 3.65193
7.84349 3.79799
5.71484 7.77285
7.52131 2.40679
6.73504 4.07384
5.71140 3.33389
5.73729 6.89372
5.60669 2.01811
7.65943 3.31877
2.58645 2.04908
3.47905 6.66201
7.90949 3.06803
2.54860 2.49794
5.05729 7.17772
3.40625 5.79009
6.34874 8.23868
6.77799 7.57545
1.98898 2.27547
7.64112 4.21020
5.40696 8.61058
2.34327 3.48783
5.85144 4.83883
4.52328 3.98399
3.25377 6.36535
1.28353 3.14285
5.64270 2.80928
2.96376 6.84113
4.67755 5.15328
5.68205 3.34297
3.93798 6.99288
6.37609 6.73183
2.87794 6.38654
5.32556 2.12253
1.81298 2.06295
2.97926 2.99671
2.83287 3.15559
5.69565 7.14759
3.36920 4.58271
5.54572 7.20242
4.65292 5.21764
3.15545 5.67853
1.98914 1.96547
2.40378 2.72698
7.36086 2.51495
6.88727 4.25740
1.58711 2.81271
1.54503 3.42493
7.99394 2.61032
4.71141 4.05336
2.21333 1.92436
5.81697 2.10414
7.97168 3.22171
2.17166 7.49125
7.80167 6.34290
2.93527 3.21019
7.68505 3.16484
2.70439 2.84112
2.29793 2.74439
7.27343 7.20669
7.97708 2.43308
6.14312 3.85222
5.31083 6.84970
7.37926 3.18044
4.78706 5.70670
1.85384 4.27829
6.27199 8.53274
4.21948 7.99883
5.80507 7.16689
8.11348 3.33043
6.00643 6.46918
4.27150 7.83476
7.88121 3.05423
6.94132 7.48762
5.92784 7.55308
8.54916 3.37306
5.95991 3.95764
1.64537 2.88161
2.34477 1.99610
7.69245 2.91765
7.09721 1.50727
2.12880 7.07931
5.24753 7.78904
4.72267 7.33232
6.05300 7.93389
3.16386 6.43417
8.09373 3.10775
5.08790 7.99959
2.39603 2.66543
1.87659 2.66778
1.69970 3.29192
7.29861 3.06771
8.21204 3.56499
7.44318 3.13503
1.38577 2.04167
5.37619 1.53796
7.37726 2.92481
3.76205 7.48809
1.99380 2.62220
8.39087 3.39672
1.79685 2.98615
2.30728 3.09646
7.69536 4.07780
1.51737 3.49216
1.72306 3.56829
6.90135 3.99427
4.48566 5.38916
5.68787 8.32154
6.45713 6.25903
8.49031 3.27764
2.23712 2.68665
2.12688 3.18778
6.41145 6.48719
4.90191 8.04906
2.32932 6.62139
1.57274 2.38208
4.54574 6.18477
6.72231 2.76419
7.15441 3.39196
6.58942 3.51965
5.69948 2.47174
6.01946 7.76025
7.36290 3.30617
2.49710 1.98384
5.85481 5.06349
5.06685 6.37562
6.58256 8.22879
7.11266 3.55301
4.39321 5.67452
5.48222 2.13687
6.95325 4.82791
4.89845 4.42301
7.59227 3.59186
1.79136 3.23033
7.62042 2.49610
8.55187 3.02439
3.59488 8.36570
1.49688 2.84064
1.80734 2.77938
5.89011 3.69985
6.67639 5.00890
6.62725 3.65537
4.44837 8.17332
7.52630 3.31398
2.09483 3.65414
6.71907 7.39768
7.46029 2.85846
2.92259 3.42456
1.56177 2.64628
7.23379 2.39342
6.30144 8.14166
7.97922 3.92718
6.47812 7.48480
2.20274 2.43760
2.12586 3.26482
6.99332 3.02048
1.26770 2.20902
2.08078 3.14094
5.22268 2.46900
7.84357 2.39897
5.57104 7.55505
1.95909 3.36475
5.04500 5.46632
6.30665 4.27551
7.56526 3.75206
1.57004 2.87339
5.57291 8.43847
6.47607 7.22824
6.44634 6.59169
5.79041 2.20647
5.90708 1.66116
2.94794 5.04175
5.73119 2.14819
5.87486 1.46881
5.25574 8.31139
2.19715 3.31470
1.86912 2.79936
4.91040 6.43725
2.46823 3.42371
3.80346 4.20947
1.60471 2.36749
6.31219 1.20683
2.28634 2.43070
6.96591 3.66362
1.64962 2.53900
6.27283 1.65008
6.10710 2.46866
2.36886 3.24033
4.99080 5.27822
4.79954 8.06967
4.45307 3.01876
5.20066 7.61423
3.01266 2.54513
8.45442 3.04450
1.50172 6.12209
100
3.39446 2.63479
4.18759 6.36283
5.93241 6.71329
7.82072 3.59121
3.50260 3.63093
4.47416 4.27544
7.66272 2.94851
7.90531 3.78458
2.35687 3.60292
4.43505 3.47207
6.89414 4.84453
3.01051 3.10769
2.90935 3.22531
7.75709 3.64963
8.39424 4.56020
6.33327 7.32353
3.35648 2.70469
5.09124 3.82178
4.39226 5.69313
2.73674 3.76677
2.99470 3.03938
5.78926 5.98846
8.63818 4.36422
6.01407 7.26731
2.52965 4.38283
3.06318 3.72665
4.48241 4.79208
5.88916 5.53526
7.70920 4.44337
5.90527 7.60881
6.86931 6.74452
4.83242 6.23987
2.18724 3.42285
2.94359 3.26759
7.71186 3.82673
5.52327 6.22992
5.63377 6.69832
3.35094 7.42835
8.66588 3.62224
3.57563 3.62888
6.35261 6.66644
6.86116 5.31024
2.41601 3.59788
4.44610 5.79155
2.45549 4.28328
5.96013 6.33461
5.90490 7.29876
7.20018 3.42620
3.90291 3.60836
3.81252 5.85708
4.98793 3.20158
3.49306 3.63279
3.11394 5.57699
7.75789 3.98467
5.76568 4.80696
6.02964 7.67911
4.12901 5.65885
3.69913 6.78110
2.42805 3.58299
3.74417 2.79142
3.12400 4.07865
6.09061 5.06470
5.21172 6.75189
3.52164 4.03808
6.84106 3.87122
1.94826 5.58639
3.46596 3.19203
2.02370 3.85344
5.73883 7.57481
6.54451 4.40372
8.36770 4.70484
7.56909 4.40008
3.17943 4.00449
7.97221 3.95843
3.90873 6.50402
8.07241 3.25822
5.37118 4.68917
6.01844 5.52024
3.56363 5.94188
5.48121 5.27171
6.31506 7.20119
4.05722 3.21214
8.34402 3.84670
3.02205 3.78483
6.97860 3.80609
4.21497 6.77151
2.18367 3.54771
8.43474 3.48421
3.13495 3.76086
3.24488 3.69458
3.51278 5.21133
7.84086 3.12170
2.77407 4.26912
3.34352 3.47322
4.30277 6.06822
2.87698 3.38551
3.87534 2.80726
2.61121 3.71862
3.58612 3.00750
3.50788 5.35397
200
7.55143 8.05118
5.77620 6.94791
6.74271 7.67666
5.11825 5.13025
4.10379 5.26191
3.20960 3.91765
4.10375 7.13795
4.08244 4.68062
6.19602 6.46838
5.26966 2.95408
3.91718 6.25393
3.01044 4.06879
4.16255 3.23857
7.15874 2.80022
6.46102 3.63309
8.12022 6.36942
6.40358 5.79290
7.30585 5.04115
7.99407 4.46142
8.18340 5.51736
6.63814 6.36294
4.41933 4.03872
5.35283 5.66879
6.48480 1.61378
7.83278 5.48518
7.28900 4.50803
5.96142 4.88388
6.30061 2.42156
4.72315 6.75189
6.99559 5.88762
7.53176 5.45193
3.90865 3.55842
3.24428 5.21326
3.60738 4.33362
3.61952 7.62251
4.28209 4.33305
6.82149 6.62522
4.82239 3.38469
6.14001 2.19524
3.78990 5.43019
6.84147 3.50833
7.16458 6.04127
7.83522 6.74854
3.59721 2.97631
2.11475 6.02644
4.36221 6.86109
2.28995 3.95914
4.46514 4.92219
5.07922 7.45564
6.66309 5.39066
3.93301 2.01607
5.30369 3.55525
7.57249 5.85800
6.57756 6.86726
4.63015 3.13134
3.90908 3.23524
3.78157 5.51539
4.37775 4.75830
3.10973 5.21934
4.65679 4.79203
7.89418 4.64656
5.35542 3.05811
5.81041 6.40638
6.28513 6.15508
4.48935 1.80755
7.75367 4.85250
4.85598 5.81167
4.76144 4.04721
3.55605 6.24966
6.77604 4.95366
8.03844 5.68841
6.04835 6.75894
4.12437 7.51168
4.64853 8.08430
5.74537 6.78276
3.27708 3.56824
6.81646 2.62638
6.07639 6.79883
5.15978 4.16337
5.75599 2.15553
4.74860 6.09526
4.66346 7.81263
6.87672 5.07481
2.26228 6.34836
5.53721 2.89953
4.28147 4.69963
5.94623 6.93072
4.32840 4.89791
7.91898 4.98002
2.70057 6.12223
6.54241 6.13190
4.31193 6.08036
3.47283 4.23608
7.70899 5.03673
7.78717 4.72128
7.44304 4.38801
5.86692 7.84423
8.41447 4.52930
3.54784 5.14323
8.16527 4.82927
3.84918 4.49986
7.50249 4.96657
5.72371 6.33944
3.41884 4.69941
4.84483 4.45843
5.84503 8.32621
5.71260 3.47347
3.69281 7.16992
6.61597 4.94153
4.73179 7.68020
4.36610 5.93883
3.49700 5.33491
5.58646 5.66678
6.71862 4.71498
7.84633 5.04089
3.68396 3.63611
5.08945 4.65783
7.30341 5.64648
5.52714 4.32870
7.62435 5.26765
4.53600 2.02843
3.82617 4.37082
5.87897 3.61796
4.24887 2.10871
8.12195 6.80452
7.72548 5.17808
5.83753 6.31389
7.35818 4.58054
7.12652 7.35674
7.74729 5.13508
6.81092 4.96991
5.87156 7.20280
2.71585 6.97098
3.64079 4.37400
7.91541 4.37740
8.32852 4.26667
8.00962 4.64047
5.36909 3.74586
7.43978 4.21579
5.33232 5.43484
5.34704 3.80251
4.79404 4.35251
7.43535 4.99639
3.42361 7.50150
5.59110 2.60312
6.54835 5.76657
6.34465 7.86905
8.55689 5.25691
4.37684 5.51602
5.89585 3.64282
7.55423 7.24327
7.16509 4.60078
7.61293 6.44325
6.52662 7.01606
3.82416 5.76249
7.13506 4.03737
3.72578 2.40931
4.44887 4.66828
6.00276 6.66921
4.69505 5.19908
6.88464 4.48814
8.00761 5.26165
2.93828 3.46133
7.67777 4.26053
6.90231 7.62076
2.87504 2.93276
5.54673 4.04829
6.41312 3.37048
5.09944 4.02328
5.95078 7.38969
4.81105 2.87398
7.04306 7.17360
5.10045 7.54435
5.14074 4.66741
5.65377 5.10028
6.57944 6.80652
6.26552 2.83840
5.44019 2.17458
5.16777 4.89749
2.91386 3.15206
4.98179 6.34465
3.99120 5.81644
2.73985 4.06273
6.87123 7.39883
6.92256 6.88749
5.29022 3.32585
4.80896 3.86414
7.60046 7.31189
6.25613 7.96217
4.15121 3.53501
4.50039 2.24965
5.11144 4.57621
5.12152 3.47833
3.47979 3.69339
5.24643 4.30885
5.56091 4.13161
5.14777 3.46198
5.20803 6.53107
7.36038 5.13970
5.09297 7.82061
300
7.60811 6.45674
7.08702 5.72927
8.14565 5.90067
7.82851 6.39882
4.88563 3.46520
6.39684 4.53871
6.99539 6.14090
3.65172 7.54432
7.42598 5.69844
6.89923 3.54686
4.63637 6.76044
4.51908 3.12012
6.40889 2.57072
3.34240 2.97015
6.20911 1.63251
7.17932 2.91438
7.28738 6.00375
7.60191 6.33439
5.22178 6.12518
5.57639 1.95640
4.13173 7.83120
4.68117 3.29154
7.52574 6.53158
7.88245 3.11792
4.41689 3.67585
1.91590 6.99294
7.04950 4.13437
6.56558 6.50793
7.51350 3.90544
5.24570 2.95939
7.27499 5.59427
3.27799 5.16767
2.60390 3.12620
4.30945 6.42755
7.11868 5.57033
2.55632 3.43837
3.55058 6.47618
6.58382 5.81014
4.28199 7.78861
4.96518 3.01666
2.65545 2.94209
5.21572 3.95339
4.54992 8.57513
4.18805 2.44042
6.14057 5.40566
3.47062 7.28837
6.53890 6.27265
4.91505 5.54451
2.61717 3.46841
6.06509 4.47011
6.62565 2.41319
3.78955 5.22784
2.52905 3.57916
4.16780 3.34064
3.09615 5.21391
7.88802 5.84249
6.71973 6.02647
7.10029 4.17807
7.08358 6.77971
4.80112 7.06437
6.86691 5.86217
5.34735 4.48463
5.17464 4.73957
4.87232 3.79749
5.55955 3.06242
7.37914 5.16912
3.75636 1.99920
4.71231 3.80328
4.73408 6.22828
5.41018 3.86543
7.48827 5.49797
2.34145 6.70864
2.32889 3.90459
6.38945 2.85143
4.01632 2.43071
5.43615 3.32361
5.02466 2.95569
2.01007 4.99195
4.41300 7.80535
1.48813 4.22633
2.75565 4.42396
5.21503 3.49099
7.11451 7.08731
5.92495 3.67744
2.35542 6.35023
4.03421 5.20639
4.10855 7.83379
3.66516 4.78214
3.78716 3.71584
7.97300 6.86725
7.56470 7.15746
5.34294 3.96041
2.43383 6.27626
5.74206 3.42694
6.44773 1.96348
4.87384 4.59063
2.44154 5.45631
4.38915 3.56687
8.30788 4.43801
1.54017 4.43865
8.23050 5.72940
7.41109 5.86457
3.15150 2.79260
7.22561 6.75149
5.77831 2.55195
2.34154 6.84672
4.36021 5.20514
2.10596 4.50318
2.85088 3.06365
3.91554 3.97777
8.12660 4.66996
1.67083 4.45016
4.14533 2.88372
7.58051 6.03176
7.18636 6.24437
2.77360 5.13995
2.73739 4.25277
7.29335 2.44705
1.61628 4.73133
7.09187 6.55554
7.75628 6.75135
2.63082 3.68612
4.10637 5.63756
2.85440 2.80805
4.96443 1.37709
4.58956 4.04340
4.49604 5.56951
2.92620 5.78378
5.19755 8.73738
6.72239 5.91019
2.24568 4.30680
4.84163 3.95717
5.31989 3.33777
6.50802 6.17753
2.22404 6.58909
4.46574 4.55151
7.08786 4.40645
7.11060 5.48955
4.97197 2.89857
3.19018 7.12174
7.52357 5.99209
4.44781 6.08636
4.63763 6.66431
4.89942 6.23446
4.46714 4.52332
5.85334 3.79439
7.16890 6.82204
4.28822 4.02855
1.49542 5.08876
4.40917 2.63769
3.66903 2.69959
4.55072 5.84158
7.39795 6.80859
5.12217 4.57188
3.41579 3.37906
8.28427 6.10730
3.51537 2.14504
5.41717 3.04071
7.11467 6.45002
4.17342 4.50770
2.20748 4.88756
7.13104 6.64135
5.81111 3.81823
3.42630 6.65689
5.55383 4.51106
4.85172 3.94197
2.05916 5.91134
3.68751 6.17365
2.46582 4.18229
5.20945 3.34391
2.38186 5.86649
6.77181 3.52678
5.08643 4.89944
3.88632 5.15217
7.52460 6.24600
3.45999 2.26707
4.72707 3.19037
4.90562 2.56422
1.71584 6.28398
4.39020 5.39114
4.93536 3.63639
2.27693 4.21471
4.08641 4.11052
1.45110 4.70640
3.72679 4.70982
4.74115 2.94154
4.18197 7.09787
1.54378 3.67085
4.78896 3.91201
6.53565 5.75953
2.94238 3.72044
6.02190 2.49276
6.55828 2.49762
5.54580 1.42297
4.25264 2.86259
5.18107 2.34527
4.97819 1.41197
6.43314 5.48946
7.29300 5.42798
1.47765 5.57888
4.42458 6.44233
6.95971 2.90013
7.93209 6.01222
3.38735 2.29913
4.38764 5.52675
1.60397 5.05819
1.31340 5.61078
6.77514 6.41930
1.86113 6.72069
3.79955 6.77329
4.36389 1.84255
7.94400 5.28897
4.44867 1.51117
7.33663 5.92618
7.16298 4.05370
3.66017 5.66389
3.07859 5.68437
2.09175 3.86327
1.15341 5.56320
5.36707 3.69774
3.33378 6.12835
7.23922 6.00338
4.71207 4.03346
3.60166 5.14458
1.79541 4.51525
5.40693 4.22426
6.44669 6.01237
5.77364 3.95954
4.22697 7.71197
1.73320 4.36701
4.17005 6.92031
4.41674 4.12391
6.96431 4.01864
4.99538 4.36083
4.17092 1.73233
6.99711 3.39430
3.81545 7.49849
3.67633 4.39807
6.03777 3.11249
7.06472 5.41726
2.64311 4.50925
4.25549 5.34696
6.81320 2.36124
5.23857 3.36766
7.11398 5.88180
2.19427 5.44670
5.82027 3.67771
1.95090 6.08793
4.70831 2.11401
6.94764 6.92502
5.13479 4.62459
6.66224 6.48639
6.73611 6.46061
4.65995 3.87642
2.62023 7.25328
6.40512 6.13291
3.22535 5.76493
2.71074 4.29212
4.28815 5.79597
2.20460 6.29406
4.04265 7.25282
5.80359 2.31361
7.11368 6.36994
7.32355 6.52192
1.57995 6.58825
5.67170 5.30812
7.17416 6.03365
3.90566 4.81300
5.87442 3.25887
4.71096 4.16613
3.28129 5.45884
8.16744 6.34636
2.32675 6.47142
2.98010 5.97516
7.00682 6.36539
4.64399 3.40482
3.89154 4.47330
4.82064 4.24399
7.72836 5.12831
4.67471 3.09909
3.05184 6.88140
6.36565 2.38359
7.64148 6.41466
4.98012 5.32779
3.71384 2.35907
5.18758 5.93407
2.54741 2.91878
5.21230 4.65562
3.61809 7.80386
4.53312 3.18068
4.12205 1.56685
5.38779 3.43823
7.60132 7.08769
7.89596 6.00888
5.38325 2.44985
2.34571 8.04103
5.07185 3.15270
5.21866 4.01786
3.42366 6.66509
3.48357 4.76538
200
4.71618 3.29621
4.85668 4.94619
3.74335 6.67041
5.08178 4.15135
6.79987 7.72955
2.81890 6.86457
3.54768 6.04912
5.42738 4.37889
4.60430 4.82422
4.32452 3.30463
3.33318 4.16569
4.82450 2.99645
6.16541 3.93943
3.98551 4.04958
3.26318 4.28004
5.30785 3.67609
3.26515 6.31032
3.13572 3.35387
5.19360 6.01200
5.27846 4.30115
6.80093 4.44813
5.78218 3.88169
6.22295 4.63363
6.25835 4.45105
3.44773 3.90139
2.22236 7.06637
5.99841 4.87874
3.93264 6.83122
3.28164 3.39676
7.08602 4.35589
2.43896 5.93141
4.23966 4.40896
5.76883 4.06260
5.77354 4.57745
2.66992 3.40381
4.28023 4.43929
5.92024 2.92644
6.61653 4.65766
4.46079 7.05298
7.19924 7.76442
3.30737 3.94051
3.43531 5.37292
1.91369 6.83594
7.15129 4.45552
7.02422 4.33043
6.19434 5.38511
6.29530 3.68292
6.97074 7.63537
5.56340 4.44738
4.03422 5.11856
5.12419 4.98145
3.65876 3.66648
3.47577 8.11446
2.52613 4.62420
3.59678 4.35692
7.01662 7.24522
5.54062 5.24362
3.44686 6.46782
2.87972 5.96130
6.00626 3.97021
5.19105 4.99964
2.81481 3.65819
3.07810 4.00056
4.44136 4.14977
3.20724 3.64726
6.97388 4.89792
2.46458 4.65676
5.65974 4.73403
3.97922 6.23718
2.91215 6.32875
4.62595 1.85401
5.11269 4.37324
2.83807 3.71181
3.50634 5.79841
2.39361 5.46770
2.53557 2.91314
5.56431 6.50091
5.10557 3.12727
2.32617 6.11302
3.13956 3.31259
6.36961 5.23330
6.97746 7.17599
4.08891 6.80421
2.71160 4.94333
3.38883 3.88254
6.89940 7.41085
4.99555 3.82393
4.46171 4.50078
3.80328 5.81849
3.77659 1.91655
2.90922 6.45144
4.41066 5.70335
6.36640 4.38412
7.32892 5.27537
2.93642 4.31537
2.02589 3.48285
5.45571 4.28552
6.99193 7.14147
5.64048 4.86232
4.13340 4.73039
3.95916 4.80446
3.42272 4.00662
3.38041 4.52607
4.17649 5.90984
8.09319 7.01564
2.20036 3.50162
2.77663 7.07961
5.29892 4.72695
3.77054 6.80170
5.16574 3.42282
6.83018 6.98044
6.85358 6.12531
5.02902 4.33974
3.75313 5.50464
5.47367 3.94713
6.68222 6.89336
3.24058 6.59141
2.44907 6.64981
7.39544 4.37151
4.97507 4.50057
3.31345 6.53001
4.49711 4.82970
3.92552 8.18111
4.27956 5.26704
4.96143 4.16601
2.93988 6.60272
2.49998 3.78686
7.81008 6.05652
7.03028 4.98694
7.86612 4.37715
4.03565 4.08989
4.53081 5.03010
5.67728 2.15082
7.75234 5.00163
4.80659 3.89293
7.67269 4.77496
4.72303 3.69370
6.15220 7.17688
3.30309 2.36429
3.85258 6.91873
4.73646 4.59363
6.74208 4.93728
7.74296 8.17738
4.54545 4.46155
5.68511 2.74063
2.54995 6.56764
5.30825 4.66643
6.37083 4.89747
7.59204 7.13156
3.39089 2.78872
7.31314 7.58187
7.40375 7.09875
5.84508 2.58515
2.18657 7.38204
3.97428 4.13759
2.41641 3.42043
4.67005 5.19508
4.39910 4.33206
6.95034 4.98469
7.91013 3.92801
3.00712 4.37065
3.24413 6.02700
3.33081 5.77913
6.83439 8.07173
3.40275 7.24867
7.49522 5.24307
5.82373 4.14195
6.68377 7.65967
3.64826 7.99234
4.76185 6.24466
7.44221 7.29329
4.54132 3.62153
3.48479 4.63117
3.20587 5.12766
5.32458 4.85723
4.10002 6.69449
7.48317 8.19175
4.68463 2.87999
3.64341 6.12555
2.88773 6.58019
8.03791 5.57447
7.47349 5.54385
3.68186 4.71720
6.94798 8.21795
2.48568 6.50731
5.01031 4.75440
2.87783 6.83498
4.24324 2.97883
2.34840 5.91320
6.54859 4.12274
7.25852 7.66976
3.43197 3.56751
5.36025 4.98984
4.52936 6.15979
3.06253 3.86009
5.21177 5.33805
4.49989 3.60168
2.87229 6.50987
3.67096 4.50386
6.70587 3.61573
300
5.60721 2.17583
3.79634 4.14774
2.22356 4.97115
4.23178 5.03796
3.96903 3.86230
7.19298 2.22607
6.75461 3.25449
5.01408 3.65338
5.88581 4.33830
2.76329 5.87865
1.28047 3.62105
7.20552 4.61760
7.83461 1.68652
1.98509 3.37411
6.95245 3.43981
1.76492 4.77031
6.99075 5.83298
5.30589 5.94478
7.41126 2.38987
6.91110 4.33331
3.68322 3.49869
8.18575 4.23546
5.40513 6.26699
3.58265 5.47562
3.94192 4.22178
4.11834 5.85149
7.02648 4.41940
7.31011 3.34448
5.28140 8.43337
3.32923 2.50359
4.57589 5.17530
7.03246 5.41670
3.96200 6.48945
6.85141 6.35289
4.87441 4.96357
5.83235 2.77815
7.01561 1.83775
3.98221 3.66443
7.07816 3.24475
4.64308 3.29977
5.82593 6.26499
5.28158 2.69759
2.27504 4.30330
5.88157 6.75417
6.18182 1.59910
3.17375 4.35467
6.16241 7.02401
6.35919 3.30697
4.23436 5.37566
6.14723 4.12961
5.84496 2.55866
2.78988 5.35462
3.07858 7.56472
6.68485 4.48172
4.53146 4.02894
2.73927 4.25887
2.03868 3.31146
7.38747 1.87911
5.87172 7.06497
3.88117 5.11733
7.23975 2.72621
3.80153 8.49641
5.71944 4.38085
8.03080 2.57396
4.57702 5.21051
7.30350 4.91213
5.46323 7.54339
7.21846 6.46501
4.46609 4.42320
6.41585 4.49142
2.26928 3.78851
4.60511 8.34579
4.76472 3.11921
4.65844 3.79497
6.79516 2.55475
4.31905 3.85846
6.19218 6.62295
4.62572 4.30662
6.80286 7.06601
6.26611 4.52100
3.46849 4.74753
5.35131 1.15591
4.14196 2.89606
6.82238 2.81354
5.63727 3.01850
2.03327 4.78007
4.84688 3.71309
5.51402 6.75239
4.01428 4.93995
5.52868 4.20182
6.60238 2.11746
5.50813 5.85019
6.52452 5.12074
5.46297 6.60741
3.19469 4.89392
6.06164 5.84759
7.86547 2.66779
1.58064 3.35416
2.80124 3.53921
2.95938 3.35294
6.62213 1.62992
5.23625 4.92908
6.35177 3.74156
1.37369 3.99810
6.20432 1.83245
7.74992 2.34502
5.65020 8.03901
6.56630 6.39199
7.42401 1.98262
6.78454 3.14618
7.01028 1.99838
4.93746 4.63136
4.49997 2.11759
7.50273 4.21379
7.58319 1.35645
5.10526 6.88325
5.02575 2.40794
6.26796 6.47132
2.64649 4.92661
2.27570 2.56353
3.09230 6.22641
6.23932 5.76953
2.54487 3.81602
7.54906 5.32035
7.49013 3.22519
7.92761 1.59180
6.17667 6.19311
2.72321 2.70759
7.82472 4.01110
5.97319 6.59881
6.69365 3.79545
6.39908 1.25338
4.72502 5.33538
7.30072 2.33547
4.42287 4.67688
7.59060 3.77100
5.29329 4.39089
1.97043 2.81912
6.65770 6.16536
3.72297 6.67416
5.70802 7.67232
5.39037 6.21255
3.38702 4.58261
5.62452 3.20833
3.51237 4.80597
3.38620 4.06643
1.64600 2.81045
6.09972 5.97448
4.12946 5.60934
6.69684 3.18446
3.98431 2.80274
2.95000 3.89479
3.88182 4.80814
7.43111 4.32352
4.29434 4.91952
4.53950 4.61780
4.54066 1.40787
2.35023 2.56041
6.11553 6.40714
5.04226 2.83364
4.60203 2.95195
6.98089 2.39651
2.40353 6.94520
7.36947 1.97540
1.89915 4.18159
7.09696 2.66685
4.54480 4.33315
8.38327 4.86912
5.43805 5.46866
7.07005 3.67680
5.15836 5.68491
7.77923 3.20498
6.12597 3.30190
3.89560 4.51380
7.92482 2.12042
3.76502 3.45997
5.70166 6.32850
7.40563 1.69544
2.61807 3.55832
4.53325 5.19697
7.22247 3.14983
4.79181 4.36902
4.33862 3.65787
3.61792 1.62403
6.76930 2.80842
5.37030 6.04128
4.63900 3.80355
6.51190 4.16846
3.21485 6.29434
7.13412 3.05958
3.98531 2.53805
7.53339 3.61986
4.38831 7.93120
4.78473 2.93215
3.23055 6.45799
6.23921 6.40961
6.01531 4.79812
7.21827 2.41431
6.10345 2.89303
7.97543 3.11691
5.75469 2.94857
5.80377 2.41444
6.39088 3.08152
5.19316 3.46277
6.70494 5.35338
5.09989 5.40409
4.52820 1.90035
5.82512 6.61295
6.31443 3.92314
7.94015 3.75636
6.93286 3.89671
3.72128 6.31608
5.07678 4.62599
8.07462 3.23454
1.86806 3.66353
3.61234 4.82697
5.82199 7.99357
5.47392 3.83430
3.09414 4.64283
6.24643 2.18359
3.20761 4.28716
3.79279 5.24163
7.04934 2.13369
3.77508 6.07490
2.52342 2.94716
2.99692 2.33913
6.81551 3.41268
5.47200 6.67202
5.61837 3.65289
5.60522 5.47276
4.16205 1.32403
3.63950 3.14174
5.71990 3.07222
1.79291 4.63089
4.36716 8.67732
2.29452 3.49025
4.28225 4.72419
2.23806 2.73240
5.53958 5.23883
2.27214 6.92130
2.96873 3.22989
1.44525 3.35912
6.05189 2.99952
3.34463 5.88022
4.70802 7.47658
3.65313 3.78945
4.90061 5.97725
4.64685 8.65877
4.88450 3.55538
5.38463 3.23563
6.72828 4.45232
6.96052 3.04668
2.34219 3.84814
2.24282 3.44271
5.78023 3.44267
5.12842 4.94061
6.52965 4.06025
4.77795 6.68059
6.35815 5.68114
4.14178 5.37460
6.95540 2.80434
5.02405 1.53372
3.95361 7.73641
2.56780 5.77244
6.15327 6.35540
6.62829 2.16561
6.21943 3.08622
7.25833 3.54427
2.86797 5.68167
1.94548 2.37884
6.67472 1.93865
3.57242 6.82256
3.79773 6.36678
2.05093 6.43825
6.00629 6.58649
5.75878 7.90022
3.23536 1.55307
2.96903 5.75939
3.99881 5.29657
7.11991 2.42766
5.87455 3.55006
6.82424 3.91444
3.57156 3.80754
7.07014 2.09458
3.87732 5.65571
3.29651 6.96409
6.09547 4.17587
6.25599 6.46635
6.47946 6.18422
3.51702 6.10979
3.66549 4.30079
6.92530 5.44459
4.92230 3.77758
2.76701 6.89095
4.39616 6.68929
6.59949 6.43551
3.64734 3.95512
5.71670 4.11935
7.00423 3.14536
3.39333 3.79502
200
7.40761 4.00174
2.10281 5.53284
5.61261 3.37414
3.87947 2.50835
3.07356 3.21585
3.66190 3.09424
5.96670 7.75003
2.99050 5.43573
4.48144 3.03669
4.01487 6.51398
3.45445 6.82385
4.81175 4.83897
3.14550 7.05144
6.71639 3.24122
5.33171 6.27326
3.38354 6.96925
5.97598 6.45604
7.34855 6.31061
2.21719 3.57378
4.72828 6.06153
4.88053 3.11916
6.41072 7.21917
5.67235 3.48462
5.01534 5.17274
3.75054 1.67425
4.40621 4.22441
4.95452 4.27920
4.96689 8.26596
5.63163 7.54592
4.92840 6.39759
5.89316 2.92063
3.28921 5.91360
2.17261 2.87692
5.71305 6.94487
4.70500 2.57603
5.77851 3.20475
7.00408 5.82807
4.63533 2.63700
5.27187 1.88838
3.38787 7.02677
5.95553 4.89137
2.42765 2.72354
5.49032 7.45299
6.73878 3.86700
7.51886 4.75513
5.63594 7.15117
2.70312 2.53183
6.30931 3.46994
3.83353 2.09594
5.22309 6.65938
5.94992 8.39528
5.53376 7.61384
4.95780 8.65400
5.54148 2.67022
5.90441 5.24859
3.22587 6.70463
3.09082 5.73979
7.14244 2.92460
7.26573 4.42725
4.76850 4.33000
5.07053 8.64092
4.54048 2.46577
2.68716 6.12463
3.77795 6.88923
3.25557 5.21318
6.91230 6.03755
5.67217 5.04358
3.85661 7.73032
4.17630 7.01033
3.16898 7.08861
6.02647 4.53806
3.70376 3.76078
4.00049 6.59970
2.96661 3.92157
4.46482 3.73625
3.36658 6.51784
4.05766 2.39139
3.65983 6.25227
6.86249 2.62288
6.53280 3.67100
6.63429 5.95580
4.14829 2.55578
4.78597 3.69515
4.86028 5.11044
4.99674 4.84796
6.13399 2.96360
6.69110 5.59674
3.16961 7.84348
6.95324 4.59761
2.44043 6.49415
5.69543 3.28094
5.61226 6.54945
6.26245 3.11711
7.76854 6.11039
4.71089 4.23108
5.20194 3.91307
6.77465 6.59731
5.44216 4.98914
2.74863 7.62527
3.35565 4.61876
6.47529 7.34745
5.57086 3.30194
4.74346 5.96686
5.71049 6.07759
4.05276 2.93512
2.91454 5.38912
4.16246 3.22676
2.65219 6.24177
3.63761 7.48910
2.54281 2.73600
6.35916 7.01745
3.67081 6.57962
6.19255 4.18517
2.58255 6.62426
6.92819 3.81743
4.35732 5.16117
4.26868 5.89630
6.34789 5.78887
3.11508 4.26115
3.82629 3.29957
3.79720 5.53388
4.54891 6.15646
4.64914 6.28140
5.96650 2.10797
4.75734 5.13865
5.14967 8.08846
3.41577 2.44682
3.60307 5.59426
7.02074 3.60780
3.52700 2.91201
5.77330 2.38969
4.21361 6.77785
2.50708 6.85578
6.68772 4.00888
5.68147 8.16895
6.22199 7.49753
1.91479 6.42947
4.67768 2.38816
2.72925 5.90437
4.05295 3.93930
4.65032 3.64650
6.13310 5.97509
5.09434 2.88514
4.45363 3.10304
3.45519 3.90983
5.29005 3.30914
2.72193 6.15928
6.50260 5.82513
5.00411 5.00560
3.55871 4.77974
3.55506 7.16425
7.11681 6.30479
3.80231 7.04479
4.65775 2.61388
2.29176 5.18706
3.95191 3.33588
4.33663 7.26457
5.00289 2.79486
3.64495 4.52202
7.14593 3.52336
4.18070 5.28167
6.10483 7.89818
3.56764 6.16833
5.91795 3.71510
2.64933 8.12221
5.55556 4.10246
3.61531 5.90944
4.41923 1.99465
4.62478 2.26273
4.25064 4.51305
5.65894 3.80242
6.19888 3.86079
6.09491 3.58189
6.11414 6.16990
6.29117 2.97497
2.07603 6.60985
5.48877 7.22074
5.74538 3.94280
7.01143 3.48707
4.90443 6.51963
4.35267 4.92871
5.72770 3.19883
5.14521 5.01968
6.53442 7.59584
2.67453 4.83825
4.30317 4.83932
6.32174 3.65293
5.92875 6.27242
5.20242 8.29985
3.88494 7.32469
4.88148 6.21867
5.31541 4.04925
6.17647 3.60562
4.44665 6.00850
4.16345 6.74376
4.71157 4.71095
5.50603 2.97306
7.55545 3.83270
5.87839 7.57897
6.81470 6.06416
300
6.01617 5.76425
2.60334 5.68716
7.18077 3.64384
1.64960 6.05135
2.89630 6.26813
6.85468 4.52673
4.80718 2.85684
4.17513 5.55065
6.54891 4.92869
3.55515 4.96918
5.12876 7.96503
3.76480 5.47362
3.45294 2.62449
2.77581 6.08189
4.37194 5.62964
4.53920 3.56320
4.06814 3.08264
5.68310 7.10675
4.50401 3.79201
3.17028 4.02085
3.05328 4.61539
5.94602 7.80950
3.26321 2.45879
2.51384 3.96627
4.81788 7.56816
5.13158 4.58706
4.21396 7.15198
4.10035 3.94748
5.62919 7.99694
5.17504 2.14617
5.48825 3.88187
3.68905 7.11343
5.49307 5.59270
6.43236 4.55536
3.58786 6.06321
3.35079 5.20116
6.59731 2.29582
4.95120 6.29691
3.53476 8.07893
2.94326 6.73219
4.46369 3.56953
3.69322 5.54634
5.82816 4.82803
6.01293 5.01123
5.09343 2.70169
4.13497 3.30934
4.74135 7.06316
2.57764 6.40211
5.64989 2.98111
6.05155 1.65533
6.61815 4.45359
4.54301 6.79938
2.09578 7.00886
6.84944 3.18382
6.08256 7.78256
8.02547 4.13024
6.15686 5.06910
6.16886 5.57482
7.75240 7.57948
3.23397 4.62600
6.96410 2.11484
4.55534 8.13343
3.85137 6.16343
3.33192 4.67471
6.27641 4.92849
5.62093 3.65625
6.04501 4.46497
5.82110 4.83199
3.74542 5.16531
2.04848 5.60168
4.13351 6.06347
5.74408 3.59139
1.88875 6.01624
4.64859 7.16219
3.08665 4.58916
3.36001 4.24351
7.42671 7.45339
5.93633 7.31716
3.92055 5.50673
4.33025 7.39339
6.39144 4.42145
3.52239 4.04130
5.06933 5.45633
3.39546 7.39600
5.63511 7.10932
4.93051 5.60186
6.78291 3.92537
3.16309 5.01972
4.48454 1.59188
5.87993 3.33196
6.66156 4.92766
7.83130 8.58994
8.10676 8.47675
6.91669 5.08718
1.54238 6.49961
6.05820 4.60695
5.83684 5.44920
5.12180 5.63826
6.61622 5.83281
1.58546 4.97952
6.82833 5.33154
6.68301 6.27289
4.61347 3.15493
3.65581 4.24459
6.01068 5.16424
4.30524 4.19378
4.29953 2.17932
5.29769 7.69481
3.04099 5.76412
6.88093 3.87808
6.18573 4.80193
2.57993 7.31521
1.34298 4.34064
2.84529 3.40919
6.15048 5.11443
3.61672 3.13833
2.68636 5.52643
2.41141 6.79547
6.69120 5.54272
6.95715 5.21539
4.00666 4.30946
3.74861 7.87744
6.28010 4.83639
7.86435 6.66956
3.61171 7.51515
4.91146 6.62970
4.88652 2.86870
3.64370 7.63081
6.52255 7.71436
7.62236 3.68295
5.14445 4.01112
4.04303 4.52065
4.73243 4.36952
4.36998 6.64645
3.94233 6.91665
7.10863 4.67237
4.52622 3.71482
6.72260 6.10028
6.33521 2.51206
5.94954 5.62039
3.26222 3.44978
5.64944 7.65460
4.00235 2.39503
5.43786 7.28558
5.72640 8.05325
5.82156 7.28036
6.17022 5.64997
4.39808 1.93210
5.93804 4.84574
4.16690 7.83562
5.01595 6.37349
3.93530 5.32812
5.44154 2.22505
5.36702 5.32514
5.45354 7.02418
6.74168 6.97446
6.81258 6.05368
2.41706 7.15600
5.20312 2.58973
7.55745 3.03894
2.50448 4.31324
5.64347 4.39729
6.74660 4.53713
7.64334 4.05409
4.40699 6.10504
4.49885 7.22401
1.68124 5.53128
5.84670 2.70604
5.09660 8.14831
2.35651 4.95329
5.99747 6.16321
4.16607 3.67069
6.83917 7.36290
2.44397 7.57494
5.81848 4.22885
4.98372 3.56724
3.61675 7.30338
5.76473 8.01041
3.09925 5.60850
4.51142 7.77057
5.20950 7.38894
5.85510 7.64718
2.82849 6.46224
6.25235 6.72429
2.36092 4.67170
4.72125 7.59155
2.83795 5.16884
5.03527 4.14713
3.88131 4.39352
1.80553 5.30068
5.26406 2.57644
6.84718 2.50182
2.17963 5.89309
5.86482 7.10817
4.56240 5.15156
6.29988 6.12957
3.36064 6.46504
5.38813 7.00100
5.32573 3.31414
7.51649 4.76646
2.05208 5.05230
7.57053 2.86575
5.14190 3.39914
2.97946 5.24979
8.20953 7.75931
4.81725 7.63402
4.73223 2.74411
5.49899 3.34358
3.61656 6.79754
2.09199 6.29277
3.86085 3.34121
4.66837 5.04584
6.49811 5.33978
4.55265 7.50702
6.17936 5.48457
6.87045 7.28488
4.54514 6.39086
5.48069 3.19449
2.77439 6.69753
3.43271 3.31678
1.94282 4.53910
6.15796 4.99891
4.23661 6.84603
3.58750 6.71569
2.55565 5.09690
3.21907 4.29712
3.58557 6.43355
7.31267 3.75140
5.62664 7.87185
3.87516 3.99152
6.07163 2.17395
3.87193 6.02991
5.93776 5.42788
2.61762 7.41803
2.28963 4.86021
6.29396 4.07428
4.09978 3.85309
5.90995 5.12167
4.93470 3.29553
4.09305 7.22130
5.75276 4.00284
3.97463 5.41376
4.98555 5.06109
5.27685 8.17085
4.71369 2.70445
2.11469 4.08364
5.07700 6.17426
6.70127 5.69284
2.78854 7.35186
3.78471 6.18936
7.31472 5.44015
5.17720 1.59848
4.72511 4.18192
4.83508 5.63010
3.66927 4.56586
7.66847 4.77650
4.62798 4.08041
4.98477 4.78809
6.05802 4.24902
7.16816 7.13456
2.66676 6.40601
4.94803 4.46332
5.40271 1.75065
6.47709 4.65773
6.37913 2.11398
3.72908 4.85690
6.69128 4.80486
5.64533 6.07444
6.60654 7.54418
4.05530 4.66167
6.19439 6.48319
4.17349 7.35906
5.48049 2.71589
6.64600 4.87607
6.87663 2.58044
2.75442 5.76746
6.52149 5.12059
5.83084 5.26074
4.55886 3.47816
7.18364 5.58236
3.60146 2.63131
4.23972 5.92931
4.83529 7.44577
4.43199 2.61320
4.50555 3.92575
7.00931 8.39135
2.43831 6.60058
3.96709 2.58913
2.03707 4.02302
4.91568 3.80396
2.45498 4.17088
4.00040 5.31705
7.95103 7.67917
3.46537 7.13070
5.89580 7.08531
7.86849 3.86353
3.45262 5.94077
4.21141 3.51200
6.08062 3.61134
6.67376 6.99922
300
3.85869 3.78343
6.71906 8.37576
6.84545 5.56479
4.83275 2.07177
3.52413 6.81286
6.12968 7.37237
5.24608 7.89545
2.35874 5.51353
4.34988 8.21399
1.95173 4.28581
5.44584 6.61867
5.13046 4.07784
7.63016 5.35107
6.11020 5.79480
6.12106 6.42087
5.64486 5.68451
6.56288 5.51915
6.40217 3.71785
4.04324 5.61996
3.49040 7.73734
7.20238 5.99332
2.84406 4.33321
7.32628 5.10047
3.59735 6.60628
5.84893 4.67290
5.17674 1.27902
7.25666 2.43816
7.00711 5.10584
4.14159 4.89205
5.45565 2.50188
6.32870 5.56444
5.90693 5.72056
6.46475 7.05916
6.27174 4.79523
4.22493 2.92583
6.87720 5.60162
7.73375 4.40081
7.05608 6.50295
6.59200 5.31937
5.36761 5.97493
4.54348 6.69202
6.18293 4.11248
5.81146 6.29000
7.35562 3.69304
8.72818 5.44119
6.90462 3.30208
3.89783 4.19130
3.54369 6.73212
3.41764 6.39119
5.84516 7.52474
6.07936 3.02546
5.08368 7.04516
5.02185 7.46596
3.24196 2.69895
4.75890 5.60731
7.42420 4.79431
3.93616 6.52299
8.42598 4.48350
7.80291 6.29399
7.67934 4.27518
2.60733 4.77740
4.78462 2.33569
5.62772 6.39581
6.87356 5.19650
3.63196 7.56295
6.11904 3.90160
5.66857 3.66155
1.94298 3.92269
4.97210 4.92171
4.15889 5.06160
4.95525 2.56389
6.07101 3.23352
5.08034 5.44785
3.24383 3.25550
2.13784 4.44737
6.18090 8.00347
6.62755 6.98646
2.62476 4.55912
6.62954 8.29516
3.76432 6.03987
4.58637 1.51008
6.32023 5.73671
4.15311 7.33847
2.61070 4.28079
3.38889 7.84126
3.93028 6.93173
4.13630 3.09146
6.82006 6.78307
5.73321 4.62608
5.06621 4.58740
4.96060 4.19379
4.41111 7.36775
3.89742 4.79049
6.49548 7.38126
8.03173 4.29662
5.57034 5.03692
5.63569 6.35641
4.21607 1.93551
6.84299 5.38058
3.83079 7.71108
2.42901 3.44734
4.60315 7.85728
4.96620 8.14820
5.83949 8.20826
6.09186 6.18492
6.49926 7.83801
2.68557 5.31664
7.24890 4.56784
7.49199 2.62316
6.22275 6.14238
6.72432 5.25987
3.39521 6.89596
4.06336 4.45290
2.63339 4.43326
6.69496 4.62447
4.16534 4.78494
3.48710 4.17256
6.36092 8.09857
8.61754 6.13884
4.79642 5.11764
6.43742 6.74092
2.36830 4.24417
3.87689 4.13329
5.84574 3.50097
5.97473 1.78597
4.54406 2.05186
4.71016 2.37089
5.80555 7.42368
2.65030 3.75636
3.76449 5.16074
2.82269 6.40127
4.93510 7.27666
5.85487 7.72449
3.30632 7.43008
4.51429 3.35368
4.98502 6.05041
7.32585 5.54752
7.86444 6.11358
3.95063 2.14446
7.37208 4.13853
5.75044 7.82230
6.53994 4.81662
4.84951 6.78323
4.95717 2.89045
5.48376 2.99784
6.74827 7.58055
4.04273 6.10644
6.50316 3.43915
5.52824 6.72193
4.20258 4.69219
6.77345 3.11423
2.54699 5.37738
1.69891 5.38503
5.69818 6.52619
3.54615 7.25204
4.81536 4.71371
4.59357 3.85143
6.65966 7.02973
5.52513 3.82766
1.88375 4.33113
2.81408 5.18772
6.64850 2.75493
5.12773 2.21735
5.60807 5.19167
2.55872 4.53112
6.63053 5.37412
2.46713 4.81154
3.74810 4.45919
4.97372 3.91293
7.35009 5.24406
1.57535 5.53665
2.42400 5.79905
6.50002 5.82637
4.63846 7.34983
2.28112 4.33391
1.89592 5.49635
5.53906 3.27367
7.50181 4.29115
4.45479 6.19903
6.36427 6.03863
1.34908 5.71951
3.81499 3.63072
5.24698 5.29719
3.93145 2.79692
7.72303 6.29817
6.99000 4.83236
6.42747 7.70015
5.76096 6.62413
4.45279 5.81125
4.50531 7.50176
5.08888 3.77152
6.36907 3.75225
6.65276 6.24294
8.44531 4.61036
3.99953 4.84997
6.32362 5.57726
6.65258 5.00445
7.21956 3.03699
3.20350 6.83583
5.76910 1.43396
2.99625 5.62170
5.65412 2.70875
6.77318 6.32989
7.14127 6.81224
6.24169 5.83855
4.51533 2.35664
5.83248 2.61547
3.54743 2.20282
7.30498 5.67273
4.52896 7.06775
6.62761 6.08049
2.38907 3.89931
1.76358 4.39722
4.20796 6.87791
4.37501 2.53704
7.11950 5.35700
1.16577 5.26425
4.57440 2.27693
3.71259 6.25684
2.01223 7.08954
7.63771 6.27643
2.28694 6.61090
7.80244 5.76497
3.47149 3.07133
4.41515 2.51163
3.75627 6.44726
4.32395 7.58278
4.33236 2.45475
6.03035 7.02390
3.79583 7.97109
5.78980 3.20351
3.66171 6.06821
4.34293 3.33578
5.55973 3.32145
4.32228 2.40275
2.92078 5.78525
4.44020 6.61378
6.22617 5.47551
5.18395 1.46080
5.36494 2.42899
5.49667 6.71807
7.23389 2.76500
2.58190 5.50703
4.31001 2.72914
4.37090 5.12439
5.73063 5.33730
8.45968 4.85740
5.45300 1.99957
5.19511 2.47214
4.69156 4.96423
4.99614 4.55533
4.40984 1.96421
3.06684 5.08153
1.52049 4.41833
8.09877 4.95649
2.63927 4.95885
5.12173 6.23418
5.25643 5.32152
4.64654 5.48988
6.13051 6.05197
4.83916 4.63665
8.45793 5.71730
4.65807 3.19524
5.92195 2.00759
4.39831 7.43284
4.11966 7.01082
3.89531 6.89156
6.90756 5.69968
8.25800 3.98607
3.77107 7.02677
5.74939 3.28966
5.14095 4.67125
1.77090 3.60725
5.35983 8.03333
8.48678 6.31615
3.67592 3.00754
6.71906 2.43491
4.29916 8.28392
7.93652 5.53338
2.86573 4.72142
5.89093 3.13358
5.09011 6.23943
4.75810 3.08709
6.85895 6.62387
4.36831 7.46063
5.80131 5.04668
6.14848 4.39459
4.92171 4.83551
6.66296 4.71101
4.51302 6.39061
7.31195 4.28243
5.53765 3.37187
6.42292 5.78793
3.94871 4.62126
5.76408 4.50030
6.97966 4.64149
5.73589 1.40640
2.80327 4.64819
6.11458 8.00000
7.74722 6.86579
300
2.94359 4.03069
6.56216 5.95208
2.42108 2.41438
3.81011 6.95694
4.67582 2.68716
2.07187 2.06426
5.45612 4.50440
5.22404 4.47075
5.90420 7.01978
3.03185 3.05789
3.12136 7.89660
2.50770 2.03421
6.71355 5.08906
8.28149 4.82517
1.50815 3.33925
4.13462 2.58479
5.29047 6.18461
3.76205 4.22663
7.75342 7.78437
5.80145 2.43535
6.46572 6.22267
3.73035 5.09539
8.32999 3.45577
3.34995 2.92133
3.28449 3.09170
5.08995 3.61419
2.97017 3.17180
6.56487 6.48618
6.39896 6.44348
3.14623 2.94101
5.75406 1.88567
2.20671 7.98505
2.59121 4.58785
2.98470 5.16872
7.01100 3.21569
3.29376 5.91631
2.27342 4.28668
3.27921 3.91044
3.88618 5.31841
3.53234 6.15696
5.16880 5.40956
7.60465 3.70958
2.37225 5.62552
5.06447 6.24168
4.67275 4.37572
7.36503 6.18552
5.79286 4.63260
6.46865 7.07555
5.69379 2.92192
7.49287 7.43668
6.73083 4.90598
2.07815 5.69698
6.29520 3.95158
1.74523 5.38385
6.58691 2.43357
7.52787 4.34687
2.98266 4.29569
3.76380 2.70874
4.06101 6.63823
2.79966 2.74474
5.25818 4.33103
2.58617 5.73095
7.04885 6.93937
6.58837 7.64528
4.44573 6.61531
5.78222 3.75494
3.70131 6.81306
2.81495 4.73561
4.21167 4.96951
7.81069 6.18425
6.48389 3.83443
3.62049 7.83366
7.03984 6.45790
4.54935 7.57819
5.81023 2.35202
6.47697 3.91448
7.35896 7.62886
8.41620 3.83855
6.86532 7.50295
3.28676 5.53425
4.39226 5.80289
5.03526 4.89861
4.49276 4.26534
4.88435 1.84175
7.08592 2.00998
6.71091 7.67045
2.15519 4.12384
5.28375 7.48737
5.48857 5.10833
2.73821 4.23015
2.00733 4.63809
3.05437 3.37518
3.94381 4.24556
5.65373 6.95417
4.92235 4.03253
5.32430 8.01424
6.54225 7.75215
2.42370 3.01326
2.52636 3.80246
7.49871 6.41128
7.67942 4.96145
4.38510 7.70977
5.42586 5.15508
1.86505 2.49982
7.79943 3.84834
4.84191 3.49560
5.69509 4.80316
2.76461 4.46963
5.90294 5.78978
6.69663 2.80328
4.93786 4.44652
5.61396 4.46938
4.60189 4.87066
6.33973 7.24619
5.51054 4.82969
8.06448 5.03371
2.73935 2.45669
5.83916 2.18414
6.58653 6.73730
4.40980 4.88289
3.25840 4.26462
2.12021 4.45772
3.18303 3.22713
4.81674 5.14925
6.84524 6.84940
8.15362 7.26152
3.15280 4.62770
4.65569 4.82393
6.26499 4.83173
5.63791 5.17504
2.98283 4.50221
4.61317 1.75368
7.18388 6.88776
3.44377 7.56163
4.74579 3.13967
3.35957 6.33552
5.62134 2.24076
5.92899 7.10307
2.16231 4.49426
6.40389 5.33494
6.77792 5.54639
7.80541 4.63216
4.26109 5.35154
7.71996 3.75843
4.50947 2.58827
2.68339 6.28380
4.11066 6.28685
7.62075 6.97283
5.77767 4.46999
2.66968 4.08672
4.73007 5.20236
2.26190 5.31651
4.53190 4.53540
6.96708 2.49487
6.70927 6.30473
5.72457 4.39447
6.72106 3.44616
5.19991 3.43047
5.78874 1.32413
5.04328 4.44280
3.75599 5.69331
2.57746 4.91492
2.38451 2.68533
5.84941 5.07072
7.10813 7.34170
5.82712 4.88909
3.19616 4.49512
5.32122 6.56537
7.80336 7.20583
4.62105 2.89619
3.44641 6.78368
2.43470 5.80253
8.03159 2.98705
5.47927 3.60609
7.38653 6.17771
4.67174 3.35285
5.35092 4.68708
5.92406 3.65290
5.32057 3.96035
7.32515 6.40933
2.72052 5.97884
5.15774 5.67364
6.64966 6.76194
6.71209 3.66568
6.91193 8.38697
2.96606 7.28627
2.75636 2.17103
4.99589 6.92248
2.70139 6.48946
2.77852 1.86103
3.73313 4.65619
7.99977 6.93162
6.78223 4.38546
2.29690 7.87038
6.17467 5.03621
3.57903 4.78658
7.20487 6.06009
4.30401 4.09618
5.90630 7.63695
4.12996 3.79355
5.36356 3.81271
6.11001 2.47073
5.47429 4.37217
6.53133 3.37637
2.77641 3.85387
6.73814 1.81175
4.93444 2.42654
7.63330 6.03028
7.93408 2.83124
5.60926 5.13794
3.01573 4.73792
7.96196 3.16675
4.88580 5.02599
8.06604 6.45399
3.75121 3.89554
3.46354 5.55107
3.20363 6.78613
6.00752 5.02511
5.78447 6.64543
5.56361 2.53476
3.25014 3.91372
6.65613 6.42091
3.80268 6.76872
4.33671 4.27957
4.99177 4.04310
4.90607 2.38474
4.11833 5.52550
3.56722 8.43477
7.21100 2.78789
2.80151 2.59709
3.96853 2.62369
3.40546 6.25015
6.60283 5.48157
3.26186 4.49610
2.56664 4.75472
5.91669 7.34847
6.00208 6.11684
6.81389 6.84973
4.11830 5.29411
5.03121 2.39406
7.41913 7.12420
6.47814 7.08526
7.42664 6.43256
6.55912 6.19985
4.28896 7.52521
4.55288 6.33995
3.58765 4.97457
6.64396 3.99603
5.44383 4.80639
3.64910 4.53391
7.62122 7.70739
3.95135 3.57569
5.60689 2.18108
5.98402 6.66565
5.47601 4.14948
4.35557 6.51940
3.69129 7.35391
8.20125 4.58233
6.42264 5.48386
3.24011 3.70319
6.17420 6.54471
6.34458 1.73989
4.66413 4.94449
6.20594 6.87390
6.40310 6.95756
4.10289 7.25038
6.63102 7.86854
4.78735 8.20497
5.83422 3.51155
7.38116 4.86757
3.69680 6.48286
3.56072 6.89487
1.95300 4.99889
5.41485 5.02471
6.65665 7.10596
2.91197 6.35338
4.14686 2.70472
3.13256 4.18020
6.20322 7.52616
5.95896 8.01138
6.99879 6.96303
5.06370 2.97360
7.06554 7.07913
4.34702 7.31850
8.18686 4.47146
7.48060 7.17319
4.70353 6.34533
2.79051 7.60340
3.52821 7.12679
6.40201 6.39991
3.80584 7.57995
7.41783 5.72254
6.00114 1.91852
2.71193 3.07987
3.70683 3.81303
5.89243 3.04959
8.49661 3.63523
5.81976 1.78238
5.19235 6.46394
5.56438 2.78271
300
6.80756 3.35550
5.86356 3.64623
5.18807 7.93223
6.92905 2.84327
6.20751 2.47109
3.13254 6.22298
5.73608 2.75898
4.68333 4.10153
3.84014 4.84649
4.58803 5.10089
3.62543 5.86482
4.64206 6.30322
4.22605 4.43204
6.12553 3.70262
4.53693 2.09059
2.82015 5.94066
5.05890 4.77828
7.38539 6.34389
5.79584 6.52635
5.51011 4.61895
6.77401 6.66523
3.48641 2.21159
4.37742 6.29436
4.11203 5.92280
5.41551 1.48177
4.65598 6.47743
7.15267 7.29102
1.73210 5.55465
6.30218 4.96188
8.17227 4.78425
5.81518 2.56274
4.67882 2.67253
5.01546 6.09192
6.09328 7.17314
2.81086 2.26294
1.73077 4.86496
7.96480 6.46940
6.11782 4.10294
6.83537 4.71595
5.50197 3.19119
7.00664 2.11481
4.16474 4.01664
4.31890 6.95425
5.55329 8.32128
3.54497 2.11312
5.99007 5.68479
3.47344 5.59421
1.68773 5.09726
3.92391 5.48271
5.85451 6.59320
6.89399 4.31730
6.70548 3.75238
6.97876 1.81987
6.89430 8.38104
3.35956 2.40568
8.31743 5.48564
3.91639 2.24491
5.02339 7.15598
2.26446 5.19418
3.82663 3.23786
5.83009 6.59737
6.52272 5.85219
5.80104 4.27356
5.27791 6.45460
7.37419 7.39270
2.78466 4.01389
7.58559 6.99849
7.31051 6.70803
7.01834 3.50256
6.12167 4.33442
4.63280 2.60878
3.86910 6.51347
5.02083 8.23246
3.33872 2.99432
7.16555 5.79919
8.27070 6.69346
3.97265 3.75449
5.86464 4.13319
6.31208 6.68259
6.83458 2.21550
4.36362 2.56355
3.14050 5.59911
5.96408 4.30939
3.97447 4.76665
6.71109 6.90839
7.01716 7.21203
6.00429 2.50642
4.19439 1.78763
2.63339 6.94778
5.83207 7.14843
6.09819 3.98457
3.78923 5.25245
3.35615 2.33792
7.46592 7.31362
2.71645 4.28300
3.54690 6.90253
7.09563 6.38110
8.54300 5.26078
6.88474 2.61335
6.88761 4.81379
6.08722 4.99703
3.87824 2.28835
7.10957 4.61854
3.52075 1.88573
7.74838 7.00295
4.91577 5.20747
3.53356 2.79005
2.31816 6.87835
7.20551 5.89683
4.35269 2.66775
3.07319 5.43096
4.01140 2.77140
3.69985 4.10096
3.95292 5.43787
3.87195 1.83743
3.91209 5.61746
7.37700 4.99822
5.93121 5.18347
6.41216 2.96534
4.38632 3.09788
2.13682 3.57490
4.52168 2.23936
7.75988 6.23162
4.19523 2.63793
4.82698 1.72218
7.81242 6.55552
5.67113 6.55757
4.20853 3.16091
6.56603 4.46541
4.54212 4.69821
5.86988 3.70027
7.98300 5.61849
6.99569 5.28681
7.28045 5.60677
4.59544 1.61438
4.21587 4.54867
7.19110 4.04198
4.72262 4.19419
2.86999 2.36345
6.19261 2.64023
6.67878 4.22587
5.25673 2.08432
4.84532 2.85830
7.12253 7.14685
3.59281 2.99390
7.47348 4.40820
4.12028 6.39814
5.81483 5.88172
4.11077 5.23794
2.07368 5.25626
2.77033 2.71839
3.80810 2.41365
4.55505 4.08184
3.63401 6.26911
6.62602 4.63018
5.31330 6.97759
2.92170 5.74399
1.21163 4.56745
6.16173 1.54795
6.41604 2.82119
3.04672 2.05934
3.59485 2.26990
6.24902 2.09200
4.25091 4.68017
5.53068 3.68025
6.31249 4.30207
8.03061 4.81349
3.89927 3.60157
3.99728 1.56808
3.20014 4.44002
3.48661 7.46182
4.39785 6.23271
8.06095 5.57055
5.55162 4.28607
2.77626 2.48912
6.53405 4.09012
4.20132 5.76699
5.83431 1.87004
1.34642 4.49047
7.02417 6.55271
7.22515 3.84380
4.18799 3.10852
4.94069 3.86584
6.91694 3.71884
3.62302 3.54029
3.89084 2.18760
3.45105 1.72932
3.73416 2.19310
6.31792 4.79602
6.91394 1.83674
7.14281 2.80933
4.03443 2.58982
4.66138 4.61879
3.69097 1.96683
4.14608 6.23976
6.27704 3.28805
4.38069 4.10122
5.91798 4.49795
8.10042 6.06117
6.38179 2.26145
2.81668 6.73822
7.72800 5.53119
6.08167 2.56199
6.19851 4.46620
4.36804 2.40430
2.12180 6.66298
6.46666 5.71946
2.90358 2.16753
4.07058 1.88589
4.14944 3.47181
8.46404 4.72140
4.13799 4.25264
7.08701 3.53460
7.93895 5.93412
5.19762 6.25150
4.95785 3.91645
2.94254 5.64072
4.57625 6.52662
5.59226 5.58213
2.99671 4.73427
5.62617 3.49530
6.59057 2.63779
3.38942 7.34344
3.22619 5.77094
8.82022 7.53482
1.27067 4.03588
2.86565 5.27314
7.93586 7.95785
6.33420 2.10513
4.16709 2.13076
2.11565 4.37998
7.20864 7.50774
6.41568 6.02208
4.18521 5.69508
3.47547 6.66521
4.32427 6.63955
4.22978 2.22544
5.14727 1.67714
3.76098 2.31040
6.51605 3.27423
7.99511 7.54913
3.82336 8.66024
4.45587 1.83705
5.94193 3.85344
6.49814 3.86728
4.30108 4.17922
3.89718 5.06965
5.29630 2.34098
6.73706 6.96170
4.80432 2.01976
7.76189 3.77277
3.94923 2.99862
3.51194 2.95000
2.61612 5.50178
6.94586 4.34797
3.88883 1.58941
5.02736 6.13421
6.55668 4.87787
5.11286 1.98520
4.93427 6.37247
5.91748 4.18908
5.05196 1.72955
3.73541 5.10978
5.39786 3.40659
5.69617 1.57250
2.54126 4.32528
7.95821 7.60201
1.39530 4.19776
2.43802 4.21631
6.91210 3.38816
2.80778 2.58899
7.26511 4.07524
4.57798 2.46426
3.36713 5.06609
4.09068 2.16282
7.00275 4.45781
6.50909 2.84808
7.58937 7.18775
7.56018 5.03522
5.38094 2.48466
2.43953 5.03796
3.15478 2.56150
3.47318 4.80311
6.08794 7.41260
7.74212 7.63495
3.09274 2.46942
6.22910 3.78814
7.64922 6.66281
4.34694 4.51443
7.38696 6.45307
7.03700 5.42671
6.26215 4.37356
4.40612 4.57544
4.93517 3.94333
3.21794 3.08047
3.47528 4.28681
6.18077 4.59307
2.88532 5.56308
6.44676 3.93375
6.06231 4.94305
0
