00 61 73 6d 01 00 00 00 01 13 04 60 00 00 60 02
7f 7f 01 7f 60 00 01 7f 60 02 7f 7f 00 03 05 04
00 01 02 03 04 05 01 70 01 01 01 05 03 01 00 02
06 31 08 7f 01 41 b0 8a 04 0b 7f 00 41 b0 08 0b
7f 00 41 80 08 0b 7f 00 41 b0 0a 0b 7f 00 41 80
08 0b 7f 00 41 b0 8a 04 0b 7f 00 41 00 0b 7f 00
41 01 0b 07 a1 01 0c 06 6d 65 6d 6f 72 79 02 00
11 5f 5f 77 61 73 6d 5f 63 61 6c 6c 5f 63 74 6f
72 73 00 00 06 73 74 72 63 6d 70 00 01 0a 63 68
65 63 6b 5f 66 6c 61 67 00 02 05 69 6e 70 75 74
03 01 09 63 6f 70 79 5f 63 68 61 72 00 03 0c 5f
5f 64 73 6f 5f 68 61 6e 64 6c 65 03 02 0a 5f 5f
64 61 74 61 5f 65 6e 64 03 03 0d 5f 5f 67 6c 6f
62 61 6c 5f 62 61 73 65 03 04 0b 5f 5f 68 65 61
70 5f 62 61 73 65 03 05 0d 5f 5f 6d 65 6d 6f 72
79 5f 62 61 73 65 03 06 0c 5f 5f 74 61 62 6c 65
5f 62 61 73 65 03 07 0a a2 04 04 02 00 0b e7 02
01 2a 7f 23 80 80 80 80 00 21 02 41 20 21 03 20
02 20 03 6b 21 04 20 04 20 00 36 02 18 20 04 20
01 36 02 14 20 04 28 02 18 21 05 20 04 20 05 36
02 10 20 04 28 02 14 21 06 20 04 20 06 36 02 0c
02 40 03 40 20 04 28 02 10 21 07 41 01 21 08 20
07 20 08 6a 21 09 20 04 20 09 36 02 10 20 07 2d
00 00 21 0a 20 04 20 0a 3a 00 0b 20 04 28 02 0c
21 0b 41 01 21 0c 20 0b 20 0c 6a 21 0d 20 04 20
0d 36 02 0c 20 0b 2d 00 00 21 0e 20 04 20 0e 3a
00 0a 20 04 2d 00 0b 21 0f 41 ff 01 21 10 20 0f
20 10 71 21 11 02 40 20 11 0d 00 20 04 2d 00 0b
21 12 41 ff 01 21 13 20 12 20 13 71 21 14 20 04
2d 00 0a 21 15 41 ff 01 21 16 20 15 20 16 71 21
17 20 14 20 17 6b 21 18 20 04 20 18 36 02 1c 0c
02 0b 20 04 2d 00 0b 21 19 41 ff 01 21 1a 20 19
20 1a 71 21 1b 20 04 2d 00 0a 21 1c 41 ff 01 21
1d 20 1c 20 1d 71 21 1e 20 1b 21 1f 20 1e 21 20
20 1f 20 20 46 21 21 41 01 21 22 20 21 20 22 71
21 23 20 23 0d 00 0b 20 04 2d 00 0b 21 24 41 ff
01 21 25 20 24 20 25 71 21 26 20 04 2d 00 0a 21
27 41 ff 01 21 28 20 27 20 28 71 21 29 20 26 20
29 6b 21 2a 20 04 20 2a 36 02 1c 0b 20 04 28 02
1c 21 2b 20 2b 0f 0b 4c 01 0b 7f 41 00 21 00 41
b0 88 80 80 00 21 01 41 80 88 80 80 00 21 02 20
02 20 01 10 81 80 80 80 00 21 03 20 03 21 04 20
00 21 05 20 04 20 05 47 21 06 41 7f 21 07 20 06
20 07 73 21 08 41 01 21 09 20 08 20 09 71 21 0a
20 0a 0f 0b 67 01 09 7f 23 80 80 80 80 00 21 02
41 10 21 03 20 02 20 03 6b 21 04 20 04 20 00 36
02 0c 20 04 20 01 36 02 08 20 04 28 02 0c 21 05
02 40 20 05 45 0d 00 20 04 28 02 0c 21 06 41 08
21 07 20 06 20 07 73 21 08 20 04 20 08 36 02 0c
0b 20 04 28 02 0c 21 09 20 04 28 02 08 21 0a 20
0a 20 09 3a 00 b0 88 80 80 00 0f 0b 0b 32 01 00
41 80 08 0b 2b 78 61 6b 67 4b 5c 4e 73 3e 6a 3a
3c 3f 6d 38 3e 6d 3b 3e 6b 31 31 30 3c 6a 3f 3d
38 38 6c 6a 30 6c 31 31 3a 6e 3b 6e 6d 75 00 00

