50 49 0
1 2 50 1000000000
2 3 50 1000000000
3 4 50 1000000000
4 5 50 1000000000
5 6 50 1000000000
6 7 50 1000000000
7 8 50 1000000000
8 9 50 1000000000
9 10 50 1000000000
10 11 50 1000000000
11 12 50 1000000000
12 13 50 1000000000
13 14 50 1000000000
14 15 50 1000000000
15 16 50 1000000000
16 17 50 1000000000
17 18 50 1000000000
18 19 50 1000000000
19 20 50 1000000000
20 21 50 1000000000
21 22 50 1000000000
22 23 50 1000000000
23 24 50 1000000000
24 25 50 1000000000
25 26 50 1000000000
26 27 50 1000000000
27 28 50 1000000000
28 29 50 1000000000
29 30 50 1000000000
30 31 50 1000000000
31 32 50 1000000000
32 33 50 1000000000
33 34 50 1000000000
34 35 50 1000000000
35 36 50 1000000000
36 37 50 1000000000
37 38 50 1000000000
38 39 50 1000000000
39 40 50 1000000000
40 41 50 1000000000
41 42 50 1000000000
42 43 50 1000000000
43 44 50 1000000000
44 45 50 1000000000
45 46 50 1000000000
46 47 50 1000000000
47 48 50 1000000000
48 49 50 1000000000
49 50 50 1000000000
1 1000000000
1 1000000000
1 1000000000
1 1000000000
1 1000000000
1 1000000000
1 1000000000
1 1000000000
1 1000000000
1 1000000000
1 1000000000
1 1000000000
1 1000000000
1 1000000000
1 1000000000
1 1000000000
1 1000000000
1 1000000000
1 1000000000
1 1000000000
1 1000000000
1 1000000000
1 1000000000
1 1000000000
1 1000000000
1 1000000000
1 1000000000
1 1000000000
1 1000000000
1 1000000000
1 1000000000
1 1000000000
1 1000000000
1 1000000000
1 1000000000
1 1000000000
1 1000000000
1 1000000000
1 1000000000
1 1000000000
1 1000000000
1 1000000000
1 1000000000
1 1000000000
1 1000000000
1 1000000000
1 1000000000
1 1000000000
1 1000000000
1 1000000000
