1381489793
2570332740
1167794079
1581644160
4209868515
1534284629
3899692070
2862949183
3001083791
45776716
1044153135
1151937477
625770309
1697669798
762361503
1246234681
718985869
1394028260
3519084812
468742562
972638197
3095384297
158656997
2344963210
3592492169
1711378391
1849133485
2700845678
864462496
2682659825
2107098194
2235161753
381696147
3287370088
3009877980
3386767378
1519242769
2611606992
3790770929
896897693
2329893257
1402185218
3736581306
4107466539
97320248
1405908141
3748892361
388052551
1326612419
1055771774
1567811787
1602941058
1462331595
851418470
337748619
3890710493
3286870582
1560106837
994649741
3993209607
2074281249
689944614
821707689
1195726484
2364950741
3713553778
1808005294
2181754618
2252722601
3446341056
2330498490
209929427
29851820
3454863431
4232911204
2520319383
1128961133
3732413081
2729843383
1473268196
2233696090
558995775
1616956332
3445288370
20193073
795245849
4157126036
2475662941
2954227079
409304314
2334341220
1323380546
3300196171
3932344011
2822852121
4035621233
2628299133
1523001116
2326365772
2182355888
2239084400
2949978332
2020782083
2939813850
1404599291
507376807
2712898658
3855952777
1594359252
2198017425
3730425182
1439902648
3968815668
1911339030
1075025544
2433375326
2878625455
54399863
2810515446
3436344253
2762445902
1036488033
2378649428
2941760345
893467938
129947955
1735642938
1905987361
972794260
1438284902
774452587
1977937724
2185971188
2706005361
305876820
827379239
469970654
2147538409
4257429520
2722312759
1966490257
943504332
3867506275
2454750999
4081225807
2149852981
2219287830
3929500162
3863437502
2007659888
1124498449
1333082854
2858163643
4145434134
2980376299
3208268168
3531752541
2626941301
2663229474
3837994478
1432296965
921428299
3447114205
3179133726
26403772
1515705925
1386715838
1042389400
3654726101
2797110968
291503029
4145550896
2218980401
310521694
1281543629
3827814490
3560847028
3324569333
2622951438
1866860280
2706708642
2045102840
4208169908
1613352207
2956068089
1862473324
728565313
1725968409
1584867924
2577580576
777787233
2401343309
1937461447
2589147106
3763380016
1516173336
296397638
1425259840
2054856023
2147384961
4029208230
939717834
2794774279
3284804460
1116328301
3534499638
1530338859
2185459398
1020705267
1758658724
3915746992
2906373761
358703634
3541819962
2264609644
3605865798
4271124152
1725745815
3345384516
1730622498
3848162846
3451647442
3649295173
1784127683
2030222417
559093110
3774613576
4033986193
2125799524
3829867743
1199067995
1794516670
582929917
695828796
3196774240
3307545492
2224525294
3778482606
3050852479
3168007312
787951001
2497841965
359449232
97552939
337866037
2304884054
1999391023
3203615522
3897154376
2945998113
3304386912
3995853615
3237803945
2426306416
236325496
1933039460
3940463174
2302956805
984962856
1497930545
3581989992
782034341
2591649002
46693052
2169170347
4154626360
3171210722
3231039024
338965928
2571386790
2969697021
2934080354
1085959147
315417407
4262146213
3679624255
3724828472
2261563189
996649706
3057045509
3250888680
609445898
2717754840
548117303
284966341
2164269919
2123080423
2361111117
2774786728
2678114676
1688115255
2416418094
2726385198
3188449706
242842126
3069503277
3535013174
4112258244
1503764578
2977210728
1560153908
1804692147
4205716782
1868552
3145035539
1582500900
706712662
4150613545
2681119115
634665469
329043802
3843384838
3158482170
756761724
3965523619
3294304177
3394902347
3076791213
3481867447
1085692408
2642120490
2777163514
2271650405
107504172
3632713518
987354889
826813811
4156249511
3098055077
2625386460
3141467754
4271351307
222666136
1739199584
414384315
767341607
3139229898
3132437874
1194030641
4046652571
3300762185
3930586697
2709677724
1035042405
1001950458
3600029886
2769626707
3514868928
3014017517
2843894552
2424813079
3124601411
1575192244
1250150556
2255160631
2947385782
1790082503
2974794781
3487869619
4000190980
3573779473
3165032897
1852452801
3587721274
3861745552
1120771681
278697701
3254976342
2333761861
3847784933
2487533058
2520721017
3538749192
1252568233
509252896
2125270416
4127194482
3299753836
1632673373
2527459569
163175264
1418346623
1841740803
2272689215
1374409387
745156211
3475891739
3226565074
4204989452
3897361159
79133642
311275480
1013973514
3807154549
3107073768
1001273320
2145116216
240864369
611708296
1219336396
1838537819
2198537432
3137705618
3192883649
3757892681
2614269112
3449880220
2508898683
1731129527
631361576
4164393576
410856304
3366660765
2289542733
1335772227
2793226999
3260483347
1821851902
3023489626
1838593976
1528006623
3316002391
4145434355
3102207419
998331345
1865799990
4007397383
2484633189
2651315370
1090150060
150247939
397015589
2682202989
2845966549
720749104
4206893355
3785781288
17832694
1680909043
3324072773
2155683384
250782567
1890535402
463102808
3631705030
1604914641
3288572854
1821367568
4027600392
293226988
2187186821
181939636
2985290416
1617118356
1499493014
2236013800
1476418812
2892895360
279305886
485922860
3306533500
1844109350
2940903785
1774624427
1058861677
124095018
3696634644
4030710245
3380875322
3248992204
3948630917
3171973797
4025208834
1944880659
3687403731
4010861765
925626591
2617256345
1093438331
1602855274
942635913
1979657805
3437541453
555451821
3453339378
3982251455
1884444010
2235876113
2049786009
4228059986
2831140942
1595026957
3977370090
3168591091
1847009466
3635433414
298357174
81825876
3824424021
4167425254
2471824257
2948530254
4106090364
3462453412
3051982338
872269294
301038381
462495867
4151433681
2537010021
2119719981
3071141916
1714768802
4032108128
319412333
3440510408
2938580373
3429949487
3169575577
3524969318
533850940
1628579011
142005523
3089732014
1494535821
430801853
4067229730
3416249092
2082388722
1327870142
3670352411
1556356769
2949196751
2845212754
1169046229
314207381
402818496
1963152144
3570164292
3650401337
443068595
875360770
3388184184
3031570095
1468060502
3517963988
821549435
1204994976
3134030855
2474232599
973260207
4234077580
3169804937
2369383560
2159950151
3429215333
764628159
3420456011
2303829462
3678081757
1232654992
590634674
2200960971
405583311
4126848204
2406501221
1749170677
440036036
4274632999
3329240620
2291307358
3084816554
1918020020
2765682647
723981980
1989965794
3347528992
3165373035
2112258329
731172682
4108562548
4084065329
3841956295
3679286802
1769062717
3241405030
1088570019
1531845168
3749916720
896079276
2036254368
2005928378
1262343819
3538675755
2012281721
2114476666
1947432888
1650534018
1341110083
3273985454
23367050
3399694378
3386892202
2316006026
3329043088
4028997093
1709079261
3999436525
1233141463
3760526392
298327539
3969785442
122374518
3219053473
2802447916
3108421361
1247675278
1797273626
4143870721
1324237733
2425107594
311363495
2398455468
2421111511
3353040981
2794029890
3543578667
1717616579
2778544816
1465644568
3714216001
1568414203
2037246822
3333198351
2603258669
3225563822
2002485731
1238218807
4214953524
2552396386
2842565467
1329692618
3025141021
3906070967
1593334743
924657157
3551381122
1720495409
3293316495
3316482893
