5000 5000
1582
1985
2700
3540
2029
1994
4295
3048
1628
1569
1109
3004
1182
4120
991
364
2691
1046
2873
2267
1251
3305
4923
3057
889
1815
1355
2053
918
4886
2996
185
4031
1062
271
88
3133
4942
1147
2219
4164
122
1282
2487
1041
54
1989
2963
4109
1735
1988
1915
1533
4402
992
3295
2362
889
4982
3645
252
3193
4188
1716
995
487
1307
328
1626
49
3248
3324
242
4295
4800
4132
4362
4751
1837
521
4578
3160
160
2856
2009
2083
4636
4106
1394
1857
1830
3605
4420
3721
4692
3650
4554
4315
3780
1440
158
1130
162
2582
4141
3554
3371
3339
4451
285
4287
1298
3215
3324
3256
3913
514
4314
1475
4897
1515
4747
1318
1094
1065
4019
3388
1441
1015
1348
1114
4211
4000
4183
3512
572
4954
1380
850
2903
4015
2102
2939
2541
377
2318
1775
1732
1266
1351
203
50
1503
4820
4602
2115
764
993
999
4499
4254
1600
2417
3849
2786
187
4784
4086
1964
1727
3668
2276
1134
4950
440
1539
2463
2470
2794
1745
3630
4900
60
4116
2661
2585
1013
1771
4034
3329
2969
773
3497
402
305
113
3631
3362
677
4251
1675
4662
3341
2185
4325
3546
4878
1763
3676
4578
3279
4036
4366
1071
314
3947
1981
1077
2722
1967
3943
647
2828
4979
4454
535
453
3902
4415
562
756
4699
2719
764
4002
1342
4428
1470
3141
3165
576
520
1125
3871
362
161
2167
3549
3665
533
814
2341
2471
240
4527
4439
374
196
415
2380
4749
1698
2039
3200
4883
2950
4469
4663
1442
3663
3755
4863
4250
1142
3964
3084
2664
1378
3047
2231
4764
1455
1878
1974
44
2737
565
944
4286
1546
1809
2229
392
3391
1015
4246
1235
3834
2408
3899
1853
1588
223
3005
1598
4019
1117
2588
3217
2836
625
2740
2768
2381
450
1920
3427
1122
1589
1673
3800
1123
4016
173
173
1600
1074
699
1082
1708
2456
4733
725
4707
352
1675
2433
522
2818
4223
3440
1415
4853
2175
4616
3049
251
4169
1109
4084
159
3479
1891
4631
4566
2054
3633
1339
4252
860
3157
2172
1796
3114
2280
137
830
3068
3816
2703
587
4111
4191
61
3767
918
2529
3162
4408
1837
1727
665
2571
422
2806
766
1894
464
2587
4560
3663
1971
4645
689
1679
4588
1337
94
1665
4910
1771
3193
952
2226
3513
2358
126
2425
2051
3959
3337
4339
1325
2801
2134
594
4512
814
2908
1577
3421
2419
2294
2860
4326
1824
4476
3746
2877
698
4702
498
4122
2016
2899
3346
1176
2272
131
1942
4114
698
3169
276
4733
118
3601
1796
4497
4531
1529
3686
2905
2079
4959
2318
4377
373
3669
3811
4228
1570
1932
942
713
74
926
3234
3632
2176
3956
2066
76
2241
1118
1516
4027
3944
1850
165
1895
644
4350
4252
3295
4784
1047
2005
2517
1454
1982
3518
3124
501
4667
2842
232
4380
1004
1858
1873
2173
1120
3940
1236
2689
1736
8
2099
4112
4400
4671
1779
3268
2146
976
1006
713
4065
1738
3044
4828
4499
4790
2546
3769
4595
2446
532
4351
2784
2883
272
3634
38
1384
2489
3897
2911
4525
781
3190
3055
3706
4465
3051
1511
3064
347
701
338
517
4440
416
3540
2999
496
1056
2375
1172
2174
2209
4415
2801
397
412
2306
2278
3263
282
1690
3143
576
3721
3923
636
1072
437
4421
4308
54
3396
2610
453
4739
1447
2028
1401
1199
3445
4748
2397
2000
4266
389
2784
2483
2831
3353
2229
1028
518
2653
1544
2529
3953
2168
693
202
4158
3341
991
1667
1070
4066
256
128
2351
4064
3836
2171
913
1510
4742
319
4393
2806
3836
2973
2390
2247
2398
1152
4121
3046
3774
3897
2454
4933
4458
364
777
445
1890
4278
306
2420
513
3184
1890
166
2759
3658
2435
410
3024
413
1204
2268
191
4418
3741
118
3760
3093
4512
4625
814
4936
352
3328
762
1938
4700
3388
3223
2412
828
4232
532
3600
4513
3775
1273
3659
1129
4970
128
4966
1824
1838
2903
3937
1454
1206
4840
4026
23
140
1976
2757
3117
3338
982
2235
2657
3809
3679
871
862
622
225
1799
4599
127
2892
3560
3132
471
2403
424
3236
2399
2204
3068
1909
4987
3411
3431
3632
1603
3012
1188
2267
1376
3361
4477
4989
3240
1721
3110
964
4907
2713
3107
897
3967
2734
2138
4789
284
1994
4311
4044
912
672
502
2447
1165
1314
2642
1161
318
1508
2520
623
1834
2084
3272
4198
1837
1624
4900
2820
4731
352
90
3552
2873
1282
333
1180
2275
2729
3189
1289
1377
1634
3190
1393
1947
4552
2308
1842
1169
602
1689
4853
4900
899
3232
1412
3152
2230
3405
1542
1252
3919
2629
3987
2488
4775
9
177
2834
4931
1845
3581
2380
4211
2052
4602
120
4863
2652
2564
3030
4845
2242
1240
813
1613
4388
701
657
1202
2143
2676
1310
4955
747
21
513
2910
4796
3719
107
721
3211
1504
1372
771
4820
2835
2023
357
2929
3869
4997
3906
3294
4270
3779
4343
3546
2142
3715
560
3433
4845
2838
3470
572
3569
1009
3752
3850
2093
3244
1863
4056
4262
1990
4225
4940
3755
2296
2197
1435
2897
3854
833
2981
1348
3169
254
866
2071
2316
233
1626
4912
4860
4842
1342
4258
1030
3378
862
2843
4371
3521
4980
3438
1443
4051
1135
312
323
3903
1312
2217
2854
312
4521
4604
1758
4917
1415
488
4101
2178
2120
1512
4326
3658
481
138
869
1727
4804
4834
4739
3687
4323
332
4349
126
3221
4487
2853
3771
4593
1277
991
4142
1826
4435
368
67
2461
1153
3000
1552
1614
1501
3778
4812
4562
954
3817
193
4399
3692
499
3257
2888
3253
3246
528
1706
46
2471
326
286
2543
3759
706
692
2696
2400
2688
3719
783
2092
584
4031
301
4462
4960
2128
1438
4971
400
4629
18
4895
4985
386
2674
551
2073
783
123
1779
2683
4876
3846
1573
2411
4797
1242
255
1504
326
3781
1910
2673
546
2709
3542
2502
57
2139
2610
4800
2675
2188
1229
656
826
3743
3553
1949
1718
593
1143
228
1231
3759
3753
259
2614
2728
2544
4724
4774
2638
742
4780
994
484
2326
3560
4669
1832
2629
2067
3282
744
1024
4705
340
3185
1312
3960
3291
2354
3369
3419
3204
2847
121
675
2792
188
2089
2992
1640
1216
3014
2184
3193
444
23
535
4905
1386
4741
2750
4747
3303
234
4427
2759
638
1467
2639
4154
785
160
4013
270
3414
1388
1840
938
2508
1142
3612
144
1243
2339
14
4459
1965
282
3906
2941
926
4421
2537
577
1799
2895
786
2113
1427
1319
4340
261
4121
4554
932
2959
1212
2031
727
3504
3865
3371
3832
4947
1833
5
3582
190
3201
2459
526
3928
2222
1805
3038
299
4841
3402
4799
3200
2932
1895
3227
176
629
920
2255
3366
3386
809
4412
4062
2072
2446
1758
3172
3926
2378
2709
3289
4223
3171
1374
2415
4898
1242
3805
1411
2047
2356
2612
1360
1368
4203
4796
1618
4769
227
3096
3488
2872
915
2579
2110
4979
4066
1103
1789
2870
2547
1866
963
910
2044
2099
4544
3352
507
2505
4746
1423
614
675
4386
291
3253
4155
3381
1765
2545
3164
4104
2617
1867
2386
2676
2208
1235
4132
1868
2332
3689
1061
4241
2858
989
2334
3570
2369
1612
424
4842
2532
4447
914
1774
1204
817
3882
4211
725
4469
4722
4531
3672
154
1402
2420
2578
84
1835
1162
3139
162
1277
1200
3767
2247
4249
2176
1851
4508
4548
3882
2926
3598
2394
4809
4704
1844
868
2790
1497
4773
1017
4119
3494
1909
1332
1755
2157
805
3096
2235
3248
1828
2542
527
1302
2124
3639
3816
4572
4626
1196
2426
4053
1392
4165
1146
4041
3114
3764
3960
404
1818
1379
2354
185
1464
2645
4798
720
114
93
2128
4425
3787
2194
617
216
2531
3837
375
3624
79
477
2
282
203
3342
4506
2578
1055
1694
3325
3004
2553
2303
3917
1876
2000
754
2610
4554
804
2020
4855
3890
2308
3435
1545
1290
1301
3080
2227
4361
2878
3274
126
3906
992
985
4932
3252
1163
3585
79
4968
804
4751
1082
3460
1913
2485
4511
4287
2071
3980
873
920
1841
2278
3003
3548
4094
1784
350
2791
1653
1773
4013
2194
4207
2239
910
1256
2402
2627
612
3524
326
2081
1831
1711
2108
2977
681
3274
1666
3584
3222
3942
1329
889
2309
1058
1458
2106
2597
3341
535
2666
1631
4688
1468
3034
2177
4898
188
1119
1580
3844
4541
4076
4917
16
4978
1833
2927
2480
3786
4950
352
2905
4170
2107
2348
4071
3401
2959
989
4267
1948
4885
2281
2804
2474
2242
3597
4752
1678
2512
3568
1371
3709
3816
681
4767
4235
3231
3442
3790
4387
476
750
133
4127
3166
3334
561
609
3105
3824
1005
1718
4940
610
930
3336
3851
274
2116
3174
461
4978
2737
3529
4851
825
3207
2384
4899
4855
2067
316
3955
3259
1814
3504
2912
2381
1009
2907
3831
346
4816
2350
1426
285
1547
606
3662
1860
253
3480
1869
1694
1045
3277
3836
2726
2297
2206
2426
4570
885
4387
2887
3484
545
629
2250
2143
4040
2992
2673
2835
4126
4521
2007
3660
1044
1205
4892
2034
3914
801
2119
2900
3793
4649
2042
4811
4563
1316
4086
2144
1683
4186
2445
4300
1808
2078
4072
2895
2382
1666
3209
17
1922
4496
2207
2378
1727
4071
1865
2925
3446
3078
1124
994
1012
428
2100
4826
4073
3965
670
2042
2673
213
3511
3375
297
4717
403
1171
2175
3645
1792
2885
3389
3700
554
1160
4805
2847
3492
4041
1745
4096
4958
1817
4579
2314
1273
1339
4445
2116
748
2525
1325
3811
3801
4251
4457
2377
946
459
4983
2329
3372
1312
913
2792
3523
4494
1122
299
1046
92
4358
508
1231
3998
1085
898
643
1713
4409
2524
3521
4764
2616
163
4573
1374
1520
1295
4835
2023
4475
3817
2296
4415
4099
1650
556
1969
1719
2577
863
2603
2692
3435
3318
4203
252
1560
3288
2660
3841
2902
599
1693
3637
655
1174
4052
3710
4792
3673
4435
1474
743
496
1164
798
4766
4775
52
2628
4878
475
3801
1020
2651
3843
2600
4121
4639
3375
1618
603
4098
4438
4299
4256
4252
2082
2773
3031
2295
4894
678
1231
3928
3109
219
580
3629
2615
3930
2535
745
1637
1761
4470
1185
208
4680
1890
4706
3938
424
425
3044
2162
1546
2255
66
2483
3291
942
4895
2455
1053
4414
3789
3379
264
1447
4884
21
1425
655
152
1895
2555
3774
124
656
2122
1757
1612
2401
3619
1184
273
2469
1998
3098
3839
774
557
2352
839
2198
847
2707
563
4268
1469
2649
3139
4468
716
3541
349
4432
1302
3818
409
2633
1315
4698
785
4387
3613
2633
18
3763
2450
4220
2510
3165
3794
1846
3119
4777
301
3759
1258
4383
2120
3165
2621
3819
581
4570
1953
1852
4330
902
4948
2917
2409
3408
1212
1667
820
3952
3493
4731
1991
1839
1242
4474
3946
1688
3227
1668
3375
4270
2037
2700
1301
548
3255
950
2477
3707
2231
4578
3318
1880
1845
4801
1028
1781
3941
4441
1604
4545
1819
3936
113
1140
1146
3680
801
1874
1425
4230
2722
3563
2819
4305
4556
1258
2724
1625
2671
4998
1234
1713
2269
1086
2469
4670
4089
4578
648
4381
2301
3586
778
482
1079
3857
2537
3852
3227
2655
4905
466
4671
604
1070
4669
495
3449
922
3857
4856
4884
4250
2858
349
3379
2242
1066
289
3348
2525
4677
4413
3001
3588
418
1503
171
3229
2479
1494
4838
2325
3995
2412
2513
3441
1997
4680
1773
3025
4554
1428
2337
1086
2650
1235
1450
3168
1520
2751
2455
4769
974
4439
128
2794
2753
2973
4365
220
1687
3056
734
4921
4750
2366
1833
4520
4015
4756
1906
1295
3360
1155
3225
3420
817
4376
287
481
2546
3851
1501
3827
4145
4116
1440
4110
2646
4244
4143
1184
4520
1682
2078
2647
1119
2590
4740
1389
3399
3714
3311
2762
3063
2095
4045
4617
915
4189
3667
1326
4921
1023
1183
2598
3740
2934
135
4073
599
2780
2967
1011
2299
870
1974
4171
2002
3265
197
149
1667
4868
326
1676
206
3032
3515
1578
1333
3870
3572
1655
2267
2637
3800
408
4463
228
1539
4735
3501
4449
4804
2873
288
1663
4364
731
3381
2889
4823
2487
4295
4536
4452
1063
3981
1408
3591
870
393
856
678
1372
2531
3033
2883
3601
1749
1354
4123
949
2103
4025
3468
4653
3602
3555
2097
4488
4181
4017
4097
11
1587
1095
4662
4303
2225
3905
4647
3489
1153
249
4985
1520
1313
3981
4002
3607
672
3164
4703
384
4679
3140
3153
1547
1363
4583
4911
2100
2966
556
2705
4763
1071
3010
2658
1253
4782
1950
2861
377
4049
896
4519
818
2330
650
1533
1862
1443
1490
4209
4013
2591
1850
2756
587
151
4872
2138
102
3822
3454
4837
4917
1566
761
4989
1099
3909
4169
1006
4743
1562
1501
3583
2219
4643
433
4819
1428
3127
3869
2132
2132
1042
2534
301
1627
3329
1028
228
3577
4865
61
979
4600
2917
2927
1704
752
1109
3276
2465
1544
1149
3117
656
2613
3066
3025
2416
923
3799
2696
4114
1100
3721
2254
126
3981
1153
3449
4444
723
4699
506
2948
3592
2322
4422
2304
243
3805
2536
128
4855
2221
2391
3009
2651
2381
2195
1277
524
2697
4890
540
986
1735
4754
2211
276
101
1730
3106
1581
3848
4160
920
906
1331
759
1129
2379
4296
2474
1320
3990
2633
1803
4217
3757
40
3308
250
486
1766
330
4844
4109
4492
4683
2845
872
2299
3708
4731
1504
4432
3873
430
1266
4955
1877
1854
108
31
2650
1174
1041
3180
4505
1269
2825
4918
1712
1334
1207
3432
749
4349
4105
4580
619
1085
4864
278
3975
1850
4794
387
4435
4761
2553
4246
4332
4504
800
2195
1897
1805
3526
1816
2390
4646
2817
3398
954
2622
2027
129
310
2790
1814
4003
493
4765
1652
2156
1800
2872
2254
126
2655
511
3499
232
3242
1382
3976
1626
19
540
2260
487
443
272
1249
4282
3815
3294
3394
3042
1155
3799
4553
2306
4671
3893
4231
2023
348
2074
3395
3620
2535
4925
2852
2304
3360
805
3893
1592
4935
3391
2679
1718
2284
4151
2891
652
1557
1603
328
879
143
2923
2814
1603
4765
454
1208
552
210
1854
1700
2790
99
4323
2508
2537
3760
2836
652
570
4603
32
3896
3857
1830
2266
357
3326
1704
2417
4292
1809
1457
1400
305
4972
4390
2629
4850
2006
1796
2949
4870
3506
1482
4950
1587
4220
3048
2674
374
1775
4715
43
3718
1668
4475
3052
4609
1986
260
4615
3498
4176
1905
4536
1841
3192
2979
3511
858
1075
2091
1759
4269
2499
2228
2589
4866
847
905
1469
2743
3434
233
2852
2204
4460
3362
4939
4272
3049
4201
4223
3780
374
3578
2486
4389
260
1740
1149
2787
4278
1888
255
3770
524
687
521
2512
732
2176
2737
4958
553
1845
1009
3926
198
1201
4274
978
1786
161
3106
3191
3293
408
2482
1478
4400
4886
261
4808
3621
1668
2899
3776
881
4902
1090
4056
1123
4953
1724
3652
688
1292
4944
4747
3616
4164
3337
4936
4945
443
1916
303
2763
3933
4365
823
4811
2341
791
3278
1864
1669
3524
144
3260
3372
4266
2387
798
2368
116
2516
1352
2724
2102
4323
4633
2242
4897
1659
1331
4950
269
362
1194
3241
2012
109
1025
1476
3520
3629
684
2047
586
4115
4277
2847
1424
2939
98
3658
1392
745
2299
658
570
2567
739
1160
4253
33
1201
3182
2462
4334
2533
3370
4070
1525
4345
478
3296
1752
657
4670
1895
1989
324
223
693
4512
3620
4718
2599
2003
802
83
2518
4512
2431
1018
3259
3581
2981
2242
4691
4412
3977
3324
1011
107
4291
407
2655
833
4754
4259
4450
2189
1393
1212
29
1015
2896
2661
2326
4105
3269
4265
72
4352
936
1038
163
261
3617
609
3290
1784
3821
3844
1572
1014
294
2871
4723
3011
2043
2179
2961
4331
2392
3275
2522
892
204
3633
4656
642
1585
2926
2332
4731
2344
4305
3805
2932
4820
4900
597
2668
2099
3071
4133
922
600
851
862
1454
1362
3455
2942
3474
1605
2665
4489
4421
2328
2845
4007
959
156
1423
1904
3106
4544
4469
2087
3151
2844
4831
3533
2336
3858
980
702
1716
2583
3985
88
2414
417
3710
1155
2552
1183
2312
2953
3049
3295
1143
1683
787
4885
4813
1049
4073
2792
1124
2855
1928
1059
1144
3038
4734
103
4944
4129
46
2601
4019
266
1559
1288
4336
1345
3558
4968
3108
1002
4647
273
807
1698
4541
3614
3140
2098
4810
2005
1981
3824
4916
3587
3779
3156
1256
2449
2555
1284
3354
213
808
2891
1820
1353
3955
121
1365
1233
1032
3119
3661
1389
1567
1353
1933
215
4302
2593
941
2049
4704
2256
579
861
1846
1521
4416
2344
4146
5
1027
1759
2708
4938
1073
2275
2055
2342
2639
2624
2052
3736
2474
2340
2573
3684
3686
2617
4158
4603
255
4187
1630
3178
2682
1214
126
634
2607
1993
3704
4883
3503
2362
4230
2912
3009
608
3259
3397
2331
4449
4191
4876
4911
2556
3357
4679
3965
1664
2192
3772
3084
459
3644
3862
4874
600
3886
448
597
4606
2626
55
4975
2471
2552
373
1238
3068
1412
812
3796
4707
2811
4702
3070
1908
4590
3438
467
333
4662
1948
4055
1999
4607
2767
1020
2124
993
4330
3146
1387
4593
2135
2258
1200
1330
2444
4848
1092
3124
4342
4317
1308
1445
2280
1751
2314
1983
661
4335
1577
916
4040
244
4189
4414
140
4502
3037
1609
4243
4480
2272
4786
614
536
324
90
2293
2981
620
3488
1321
647
3536
256
1172
3282
2459
2353
719
4742
2466
1118
1843
2327
2718
2955
3374
835
2223
2533
1843
4658
1389
1247
4048
1640
2841
149
4267
2997
378
1562
1906
4329
4926
493
1224
193
969
74
4809
527
3774
2788
3046
158
1153
3235
104
3800
2764
3110
1023
3052
3731
3055
528
1140
1366
4096
2798
4850
4772
4655
4431
3842
3071
2598
4331
4006
1913
1782
4107
4117
2450
3704
2185
4028
3075
990
795
3527
4436
1664
3402
4184
1896
2502
3846
1650
18
666
690
1469
3591
918
2491
224
544
2543
809
1817
1274
3003
920
4607
1313
1291
2150
534
694
1127
1541
91
1119
4261
3781
2989
1511
2033
4829
4848
3964
2575
3501
4214
2780
4092
758
3574
2560
3944
2658
1714
4865
3886
4944
4997
1754
2517
389
3480
2005
1116
2148
2646
4282
1315
1042
809
2180
870
2481
2123
4440
1476
4265
4512
1222
4283
3130
918
3181
3182
2067
1520
4974
1737
3233
2631
2549
1294
2741
2499
1925
4977
4034
2119
785
4822
4852
2496
1129
4912
2439
4859
4076
1021
3456
651
46
2382
2713
111
3314
2064
3552
3878
4456
2100
576
4953
46
1027
1915
3327
2510
2942
4010
2058
4338
521
1048
2288
2957
3453
765
4967
1575
848
249
3193
4972
4997
948
2065
4616
3086
3218
948
2741
3243
1817
3328
2214
4289
88
655
4694
1063
505
1738
151
2284
532
2147
2148
2311
4024
4089
649
4847
4786
2728
4778
3711
1400
1381
4509
4003
414
4038
157
3805
2701
1331
2571
4020
872
2517
4035
11
2249
1814
1139
326
297
4086
3198
185
961
628
3868
2375
3606
4475
4846
4013
3721
1640
4767
4003
4751
136
4240
1793
4486
243
3527
657
2735
3196
1278
3387
2503
1180
466
4323
4670
1578
367
1541
771
3597
2285
3149
4744
255
1235
1262
2499
1314
2155
221
1436
4041
4803
2646
4115
3340
1152
941
4812
2851
1350
1723
4665
1254
4119
2222
290
4065
987
1047
237
3547
404
3997
3372
153
700
4843
4974
2480
4437
4801
1606
891
3641
2984
501
1253
2916
1461
4632
1693
3820
2769
1946
3337
2055
3572
3682
1636
2467
519
540
4446
3248
1574
662
1680
852
4958
1685
3823
4460
3710
2091
449
2266
4628
1430
1994
2567
2840
4644
4941
2876
1984
4729
2060
1218
992
4766
3325
1391
4039
3461
3461
4736
1032
2834
3939
1384
106
4151
1375
4640
4794
1279
4929
4711
2910
1190
2651
2284
3547
1678
3138
2373
4988
4368
4501
2666
1488
3406
851
1042
3303
4635
4081
1610
4740
3444
2969
927
954
1633
874
3170
3093
1701
3973
1433
1111
1807
2487
1512
4405
1837
4508
2358
930
2151
3041
1542
1227
4078
1958
937
4435
1869
2871
2346
1740
4448
3130
3921
2423
396
4422
1880
3592
2317
2205
3093
918
1124
1216
4168
444
3160
2927
1704
4527
50
3863
2608
4200
4269
2285
3784
1766
1082
4111
4210
4189
4511
1909
2668
146
2207
1912
3934
2010
4716
3031
1849
1084
1162
2576
1232
3330
3056
3055
22
1984
415
2302
3468
4413
1222
2969
3404
2379
314
2809
1506
4804
3032
3049
1154
4599
2518
4120
474
1270
921
483
582
2769
431
1992
3297
3060
809
4766
379
3408
2208
2631
3323
3498
3745
1694
4845
1514
1227
3258
4021
3456
1024
4312
393
3273
1343
3126
2498
4225
4110
3439
4088
4637
2358
3751
3346
4385
3610
3403
543
4770
4983
2731
4964
2843
269
3293
3205
2326
2494
738
4268
3574
1203
3111
1638
3216
4486
2767
2682
3397
1314
4671
4960
2850
3567
1420
1039
4699
3323
103
2961
3822
3535
4916
1335
1677
2765
3711
1235
3675
4708
626
3511
1030
2979
2281
1955
4704
3874
2776
716
2535
66
23
4735
3179
3161
417
1925
1182
1224
2031
2801
3987
1786
4297
4923
4717
3729
3894
4685
4208
1598
678
2677
219
4527
453
1603
28
2241
1640
1175
307
2291
4597
2836
3431
502
3815
4069
601
3448
1281
1065
905
2918
506
1727
584
3550
1670
1005
4340
193
3820
4025
4250
1890
4807
137
344
4191
1752
2747
1005
1602
2723
3937
1298
1595
2871
2314
717
4318
240
3099
4521
332
4754
1341
1627
1625
1170
2991
1475
3739
1085
3289
595
414
459
3731
3891
2139
4670
1598
3816
2480
4813
821
4118
4900
2507
2992
1971
3684
4700
3222
198
356
2390
2519
2871
800
4957
935
4376
2309
872
2846
1069
4613
3062
2863
2768
495
2723
1204
2689
806
3908
4382
3821
4333
2310
3644
588
3540
4384
3760
1475
1734
1881
456
4731
3343
4894
1541
1989
3466
2651
4744
1663
4274
174
2147
1953
2742
771
1614
1523
2218
3599
1936
4154
4481
2735
2488
3521
4107
3287
447
2010
713
3957
3304
1435
1138
2077
4267
434
2031
900
752
706
2806
482
1229
2840
4146
1548
4962
1188
483
2575
2907
3609
1081
3842
4765
3433
1459
1259
255
3794
2933
1263
3071
48
3380
4462
2321
2339
516
2214
2224
536
4521
4995
2234
1511
4393
1911
3533
4419
245
2582
3171
2834
3023
3047
1599
1888
4648
3506
2772
2965
307
3741
2085
4030
2339
4405
1909
4993
3560
1859
509
1844
53
4100
2527
1672
2021
1772
3221
3859
4657
368
4252
2771
619
4224
4598
2582
509
250
3748
2299
430
3710
135
1480
3144
909
4771
1688
2337
1144
4794
4107
3719
1688
4886
2913
3732
3198
3313
2839
4030
2078
1142
352
1309
2844
435
2346
824
4114
3790
4986
1228
913
17
410
3570
1836
4214
2926
4780
3926
3519
4606
2750
4785
3103
4413
1413
1905
2668
1401
3538
620
4997
3215
2060
4580
3249
288
4289
2076
763
2109
2981
4457
1211
3849
2032
1095
3780
1513
513
4429
2425
4189
3107
2852
4080
2255
1451
2528
2104
2839
573
716
4485
2735
770
3458
3813
4719
1823
2551
70
1977
2999
3721
2529
1842
2880
4840
1113
1017
3826
1231
1373
400
4166
1403
449
2506
632
126
3862
3559
4112
1909
372
3447
4042
4531
1402
3642
3550
2541
1724
1847
4924
4754
869
2933
4631
4264
4438
3720
744
3439
4391
126
2440
286
4108
1004
1514
2863
1464
4198
3179
2069
3547
9
4776
2313
3763
3047
2473
3597
62
630
4986
3703
1702
191
2576
4046
4883
2428
4815
2438
2957
1517
3753
2245
3572
2451
3056
3790
1195
961
2336
2127
2671
735
3978
61
1376
2384
4916
4595
2640
2898
1498
1918
1475
2844
2594
397
1708
4266
4825
4864
3535
309
4364
3995
4129
4015
1736
12
707
2701
261
4409
1229
480
1297
1390
446
4323
158
778
502
1847
4731
2838
296
1708
932
3220
996
3850
1958
3322
1745
3065
597
2191
1400
2842
4302
789
3654
1303
2025
2127
3493
3836
1375
272
166
374
4341
2859
2999
1445
1820
1539
2110
1727
971
3697
655
1251
3654
953
2886
4494
99
1911
4137
4236
4774
2573
441
363
1718
3704
1737
1635
3123
4829
4056
735
4610
779
1825
3487
4074
1950
4279
1539
4517
452
4691
3641
3234
1112
2158
948
716
2825
4294
560
2886
2654
1170
1368
2077
1482
4815
1022
2820
263
801
3881
4574
4492
4189
2829
3196
3485
264
3064
510
4448
3986
2290
1063
3022
3036
1195
3894
4602
2961
2476
3404
4798
3845
4992
1667
1369
1437
4488
4142
4656
4272
4833
3343
2052
3667
1962
1605
193
622
4962
922
3002
3859
623
4706
3897
1492
2151
1030
3949
1565
1744
3818
484
608
4986
591
1704
3929
903
4532
2932
4085
989
3147
451
1583
559
1710
1018
4598
2215
4654
2081
1200
3646
3362
603
2401
4787
342
3065
877
4592
4367
1272
4231
4310
3141
64
4192
1908
4273
349
1016
3029
2384
4851
2072
781
1482
549
4638
1992
2824
1358
1956
1769
4899
217
2472
4396
4053
520
2693
2278
601
2121
941
4190
2563
216
478
3666
11
1651
1152
4915
3800
3209
977
3411
2839
4303
2880
470
2316
1731
1003
596
705
209
3366
1151
4922
3965
3601
3496
718
27
3596
4967
909
3566
63
3395
1946
53
856
2105
1000
3118
1939
4626
1956
4122
4121
738
3821
2439
2854
1486
964
89
4326
703
4777
1788
2847
2821
768
3637
2053
2658
1709
895
1493
2688
4703
3230
2300
1348
732
2229
337
4755
1128
3003
1931
1346
522
2876
4343
718
733
983
460
2438
3247
2781
1440
3357
4816
2352
1868
2884
4324
2463
2288
4898
1878
4454
1372
3007
4725
1140
3095
3221
4930
2971
4566
685
3582
1931
2514
4240
1710
160
875
3793
2445
214
229
3486
1152
2460
2011
1690
1944
617
4369
129
1673
1031
436
242
2070
1401
2766
662
2540
1374
2236
2905
3978
1454
3401
4669
1020
3051
2400
2230
3957
2776
3918
1514
3572
3645
4290
1345
3135
4561
2222
697
4780
489
3444
2550
1720
4194
85
4135
4891
2137
662
1550
549
2539
4536
3089
1166
2581
1663
2561
4133
1186
4176
4135
2293
657
1406
769
1378
497
1147
1668
3670
4667
1258
2191
3970
669
1574
1473
1405
1617
1048
4837
1368
1397
494
3129
414
4285
2392
3162
1202
2829
4370
3714
739
3974
1607
4021
1127
1784
460
1079
3883
1259
1894
558
2681
4753
845
2322
2014
3309
274
4392
946
521
1670
166
2545
1266
3416
2647
3128
4378
2690
3097
619
988
3562
661
893
4248
4081
2836
4323
4458
2894
1337
4552
1594
341
3093
2933
3022
3901
3757
3825
2704
3671
251
3279
164
2788
4723
1082
1153
3596
317
4224
2631
4272
2079
3717
739
242
1308
4293
4069
2040
753
4792
2027
1224
249
4126
3313
4836
1469
774
3640
3671
1980
2038
496
1822
535
894
4709
1873
190
3314
4450
4395
672
3733
1933
2830
4145
800
2336
1666
4260
871
2186
153
3162
1642
3038
273
2958
3683
578
3476
1
3372
4903
4825
219
3179
3091
1387
153
3186
2203
587
4573
3111
3899
483
719
2675
938
4025
975
1878
1482
3729
1339
3764
1253
2274
1762
823
2617
1028
2736
1086
2640
4517
1294
2442
4694
3400
4719
2747
2836
4310
1099
1184
1975
2015
3596
3004
2519
1845
7
2232
61
3413
243
3127
2401
54
1095
4241
2578
2794
3803
4629
1665
4454
1738
2936
3390
2643
4167
75
3820
2020
2898
4944
925
819
598
4849
514
3030
4380
1873
1920
4676
3511
4709
4237
2207
3025
4268
4258
1296
4402
3369
4579
2475
2393
3833
855
1632
3341
3910
153
2747
3779
4365
3296
3083
938
2224
1858
1109
4374
3752
2115
4346
4822
1455
1267
766
2628
347
3809
1268
609
2651
2766
2633
3593
4110
3448
4058
482
4306
2092
4400
2233
2796
4285
683
1581
4397
4781
3330
3779
255
4033
662
1031
4019
3257
1779
4664
142
855
1395
3709
2172
4761
3170
2308
2567
2798
4337
3640
265
2815
2779
607
4926
1491
3116
3148
889
1176
1969
1332
377
1752
3371
936
3668
903
4295
1435
3323
4316
1829
3309
255
3257
186
3210
3787
1830
1972
2017
188
771
774
8
1076
2729
3189
4366
13
3550
188
3016
3083
2691
3864
2282
1381
2180
1722
3602
1301
3255
1282
952
780
2591
3020
3177
4468
1179
4890
4124
294
4968
1837
4565
4144
1067
3711
1175
4452
2531
4871
1204
4096
3462
811
3220
606
7
499
4522
4389
203
3576
598
3870
2004
4618
152
2801
890
417
4279
2889
4502
460
396
2126
2395
2200
