10
8
0101110001010110
1000101011111000
0111001100001101
8
0001111010101010
1100110010100110
1011100011000011
8
1110000111011000
0110110110001010
1110001110010001
8
0011011010100110
0011010011011100
1011010100101100
8
1010111010001010
1100100110010011
0010010110100111
8
1011010101001001
0110110101100001
1100011101010001
8
1100111110000001
1101011001001010
1111100001011000
8
0110101000110011
0001111100010101
1101100010001110
8
1100011011100001
1111100110001000
1000111000101011
8
1101101000011010
1011110000111000
1010001111000011
8
0101010111010001
0111100010100011
0100100110111001
8
1000000110111110
0111000000011111
0011110110110000
8
0010100011110011
1101100001111000
1011000001111001
8
0001110011010101
0100001111010110
1011000111010100
8
0010001001110111
1101110000110010
1101010001111000
8
0010111000011110
1011000100100111
1001110000101101
8
0011100001111100
1101101100001001
1000001010111101
8
0010110101100110
0010101111010100
1111001010100100
8
0111100000111100
0111101001001100
0111001001000111
8
0011100010101110
0011011001000111
1010001000111011
8
1001111000101001
0110111000010110
1001110101011000
8
1101000001101110
0101010001011110
0000010111110101
8
1001000100011111
0000110000111111
0101011100010110
8
1110110001011000
1011011100100001
1101101001000101
8
0011111001100010
0001101110100101
1011110010100001
8
0000111011001011
1100111100010100
1000010110111001
8
0011101101011000
0101001001100111
0010110100110110
8
0011101100011100
0010110010011110
1010010010111010
8
0100101110001011
1010110000101101
1100000010011111
8
0010010111011100
0110011100101100
0011011001011001
8
1010111010001100
1110001011110000
0000111111110000
8
0000110110011011
0001010011111010
1101011101000001
8
0001101011100101
1110000101001110
1100001100101101
8
0000101011011011
1001110110001010
0011101110001001
8
1010011001101100
1001001010100111
1101111001000001
8
1110010000011011
0001100010111110
1100100000101111
8
0011101100001110
1001100000111011
1001001111010001
8
1100001111000101
1111000010001110
1011001110010100
8
0000110011111010
1111100100001100
0111000111000011
8
0111011010010010
0010011001011101
1000001110001111
8
0001011100111010
0111010001011001
0010101111000011
8
1010100100010111
0011010110100110
1000001011011101
8
0100111010110001
0110001101001101
0100010101010111
8
1100110011010100
1111100001010100
0011101110101000
8
1110011101000100
0101111110001000
0110101100000111
8
1011010001011100
0011110000111001
0111011011000010
8
1010001100101011
1011110011000100
1110001001001011
8
0111001011001100
0011001110101010
1111001000010011
8
1110110001101000
0100011111011000
1101100101000110
8
1101101101100000
0111010010100101
1101010110110000
8
1011001100011100
0011001111000011
0011010111010010
8
1011001100110100
0101101010101001
0100100111011001
8
1111000111000001
1100111000110001
0111010110011000
8
1110000101101100
1111010101000100
0110110100110001
8
0011011100011100
1101011100101000
1001100110001011
8
0001110001011101
1101011101010000
1011010100101001
8
1000101011000111
1011100001111000
0110101110000110
8
1000101100100111
0011111100010001
0110111010010010
8
0100110101001110
0110101011000110
1101000011110001
8
0111011101000001
0110101101001100
0111010100100011
8
0010111110000011
0101001001001111
0010101011100101
8
1110000110100011
1011111001000100
0001111101011000
8
0100010100111011
0101001110011010
0100100100011111
8
0111100100010011
1011010000110110
0011010011111000
8
1100100011010101
0101010001111001
1110001001011001
8
0100101010111100
0001010110100111
0000011101011110
8
0011111100001010
0010100001110111
0110110001001011
8
0010001010111011
1010001001011110
1000110100101011
8
1111101100100000
1011100101001100
0011100111100001
8
0100001101101101
0110011011000110
1001011010010101
8
1001001110101100
0110011110010010
0000101101111100
8
0110101100110100
1110100110010010
1101110001010100
8
0100010110110101
0111111000001010
0110110011000110
8
0111100101100001
1110010101010010
0110011001101001
8
0111000011000111
0111110100001001
1010110000111001
8
0111010000110101
1010111000001110
0011110100101100
8
1000101001100111
0101000111110001
1001001001111100
8
1100000111001101
0100011100111010
1000100011101011
8
0110111011001000
1001000100011111
1000111000101101
8
1001000110011101
1101000011001110
0010011001100111
8
0100011110101010
0110010110110001
1100000100110111
8
0111010001100011
0010101111000110
1010111011001000
8
0010010011011110
0001110101011001
0010001101010111
8
0000001011011111
1111000000101101
0000110111010110
8
1100011111010000
0011100110100011
1010011011010010
8
1011100010110100
0011111011000010
0000101011111010
8
0101011101010010
0010101001101011
1110000111000101
8
0010000111001111
1011011000010110
1100001101110100
8
1001100001110101
0011110110001100
1001111000110001
8
0110111110000100
1010001100011101
1011001000111001
8
0111101000010011
0100001100111101
0100111000111010
8
1010101001010101
0101100100011110
1001011110010100
8
1111101000001100
0010011101111000
0100001001011111
8
0100110101100110
1111000100101010
0001101101100110
8
0110011001011100
0010111111000100
0101101000100111
8
0100101010111001
0001100110111010
0110100111010100
8
0000111100111100
0011100011111000
1110110100011000
8
0001110110110001
0010111010001011
1011010101010100
8
1010111100010100
0011100001110011
1001001100011011
8
0100111001010101
1100011001111000
0100011100011101
8
0100110100110101
1010110110100001
1110000010101011
8
1000111110100010
1001011001011010
1011110101100000
8
1101101001010100
1101110010001001
0110011101100010
8
0110011101010010
1000001110111001
1110100010000111
8
1010001011110010
0110010101101001
0110010110101010
8
0010101110110001
0100111011000110
0110011001010110
8
0011111011000100
0010111100011010
1110010110100100
8
0111011010010010
0111011010010100
1001110001011010
8
1011010100101100
1100101010010011
0001110110100110
8
0000010011110111
0110110101010100
0010011010111100
8
0010001011011110
0111011011100000
0010110011001011
8
0101100101000111
1001110010111000
0101011010001011
8
1000001110110101
1001000011100111
1011101011100000
8
0000111011010101
1101000101001110
0100010011101110
8
0111101000110001
0000001101111110
1111101000001100
8
1110001110011000
1001011000011101
0101110001001101
8
1110100010101010
0010110010111010
0111100111000001
8
1110000001101101
1100101101000110
1100110101010001
8
0110100001001111
1011001100110100
0011000010111101
8
1000011111001001
0101101010111000
1001010011101001
8
1010110100011010
0001101011011001
0100010100011111
8
0011101010110001
0110000111100011
0010010011110011
8
0110100101001011
1111001001010100
0101011010110001
8
0110101101100010
0001110110110010
0110001111010100
8
1100011101001010
1000101100001111
1011010100100101
8
1001100100101110
1001110000111100
0011110001110100
8
0111101010000110
0000111001111001
0011101010110010
8
1010000111011001
0111000110000111
1011011001000110
8
0101101011000110
1101001110010010
0111010001001110
8
1001010001110110
0100110000111101
0101111100010010
8
1110100101101000
0011000011010111
0001011101010011
8
1001111100001001
0111100000010111
1001010011100011
8
0010011101001011
1011011010001010
0001011101011010
8
1110110100010010
0001100101110011
1010101010001011
8
1100110011001100
1011101100001010
0100011100111010
8
0001100011110101
0011101010001011
0001011110001011
8
1111010011001000
0001110111000011
1101010110011000
8
1010101001100101
0110100101100101
1101010111100000
8
1100110100000111
0000111111001010
0001010011100111
8
0010101110011001
0101000111101010
1011000000101111
8
0011000110110110
1100010011101010
1100101110000011
8
0011011101010010
0011010100011110
1100111000110100
8
0010100101011011
1100110111100000
1111001010010001
8
1010001100011101
0101100011100101
1101111010000100
8
1100001110100011
1100010111000011
1111110100000100
8
1010110110000101
1101000011011100
1001111011001000
8
0100100010110111
0000100111010111
1011000011011001
8
1101010101101000
0011000011011101
0101001100110110
8
0010111011000101
0101011000101110
1011000010111001
8
0001010011101101
0011010101101100
0100111001100011
8
0101011110010001
1110010000111100
1001000011111010
8
0001010101100111
1100110101001010
0010011011001110
8
1011010101100100
0111010100010101
1100100001001111
8
0111101100011000
1100110010100101
0010011101011001
8
0011100101001011
0100011101011100
1010110100110001
8
1010110100010101
0010111110100100
1110100100010011
8
0011001111010100
0111000110110100
0110001111110000
8
0110101001100011
1101101001010010
0010101000111011
8
0111001110011000
0101100001100111
1011101001000101
8
0111001001010011
1010110101000011
1001101000101011
8
1110111010010000
1011000110110001
0001111111000010
8
0101101100110001
0111011011100000
1101100101100100
8
0011001110011001
0001010111100101
0011000101110110
8
1010001011101001
1000011011100101
1101010010000111
8
0110110011000110
0100011101011100
0111110001001001
8
0001011110010110
0000000111111110
0000000111111011
8
1110011000001011
1100101111000001
0111110110100000
8
1101010000101110
0111101011000010
1000011100011011
8
0100111101010010
0000011110110011
1010100000110111
8
0100011100001111
1010100101011100
0010011010110011
8
0011010100010111
0111011011000001
0010001110110110
8
0111100000100111
1001101100110001
1010100000110111
8
1110110010000101
1110100010100110
1011101010001100
8
1011111000001010
0000111100110101
0100100011011011
8
0001011101010110
1000011110001110
0100011110011010
8
1011001001101010
0011011010110001
1001101011110000
8
1101111000010001
1011010001011010
1110001010101100
8
1011100101110000
0111101000010110
0000110110111100
8
1011101010001100
1110011010001010
1001111010100100
8
0001000111111001
1010001101100110
0101111001001010
8
1111000000010111
0100011001101011
0001010101101101
8
0110111000100101
0110010010111001
1011100110010001
8
1011010101000011
0100001111011001
0100111110100100
8
1011001101000011
1101010110010100
1110001010100101
8
1110001000011110
1011100101100001
0110001100110110
8
0011001101001011
1010100011100110
0100100111000111
8
1001001011001101
0111001010001110
1011100000111100
8
0101101011100010
0000010111010111
0101010110101100
8
0100011011110001
0111101010100001
0110000100110111
8
1100100001111100
1010101110011000
0011111110010000
8
1101110001010001
1100111001100100
1101101011000100
8
0001110010111010
1110011010010010
1110010001001110
8
0101110001101100
0100000110111101
0110110100010011
8
1101001010010101
1101010101011000
1100110100110001
8
1000011111100010
1100010000111101
0001111111000001
8
0101100111010001
1100000110111010
1000001111110010
8
0010101101100011
1000111000010111
1100011001110100
8
1010011101000110
0001101101110010
1100101111000100
8
0101101011000110
0000101101111001
1001110001001110
8
1110111001010000
0000001111011110
1110000010111100
8
1011100010100101
1010111100100010
0100100010011111
8
1110101000100101
1100100010111010
1011110100100100
8
1000011011101010
0101011010101100
0100110110011100
8
1010010100110110
1011000101101100
1010101001111000
8
1011000101001011
1101100110110000
0000100011110111
8
1011101010100100
0100110001011101
1001100111001100
8
1100100111110000
0010110000111101
1000011010011011
8
1110100000011110
0001011010011011
1010110101010001
8
0110001100101110
1010100101010101
1101100011100010
8
0111110001100001
0010100011100111
0010111000111100
8
1100110100001110
0011000100110111
0010000100111111
8
1001101100101001
1101100011010010
0001110110100110
8
1001100101110010
0010011001101101
0001111101100010
8
0011101110011000
1001001101010011
1110011011100000
8
1110001010110100
1010110110001001
1100001111001100
8
0010111000111100
0110011010110100
1001011011100100
8
0101010011110100
1001001110100110
0100110011000111
8
0010001111000111
1000011111001010
1100110111001000
8
1101010101000110
1101101010010100
0111000011110100
8
0101100110010101
0001011110011001
1110001110000011
8
1000101011011100
0110110000110011
0100101011100110
8
0101110001001101
1011001010110100
0001010011101110
8
1011100101000110
1000111110100001
0000111100011110
8
1011010101001100
0110011111100000
1101110011000100
8
0001111111000100
1011100010001101
0111000011110100
8
1010101000100111
0010110111100001
0100010101101011
8
0100011001100111
0001100101110110
1001011100111000
8
0001011011000111
1011100010110010
1111100001100100
8
1010010100111010
0111010011010100
1110010000110011
8
1011000111000110
0101010110010011
1001110101101000
8
1000111110001010
0111100100001110
1000010101010111
8
1010101100001101
0001011100011101
0101010100110011
8
1010100001101011
0011100000111101
0110010001110110
8
1001100101111000
1100011011010010
0111010101001010
8
0110100011111000
0101000011111100
1010100110011100
8
0110001101101100
0110111000110010
0001111001110100
8
0110010010011011
1101001110001001
1001000011101011
8
1010110110011000
0100111010010101
1001111001101000
8
0111011000110010
0100110011011001
1111011000010001
8
0010010110110101
1010110010101001
0011010111010010
8
0110100011100101
1011001001101001
1010001011000111
8
0000101110010111
1111100000001011
1100001010111010
8
1100010110100011
1000000011111101
0111000011010110
8
1110011000100011
0001111010001101
1001100011110001
8
0101010101001011
0101010010011101
1000110011110010
8
1110001101010010
1001111000110100
1111010000110100
8
0100101110100110
0011110100010110
1010110011001010
8
0011110001100101
0100110010001111
1100110101010100
8
0011100001101110
0011010010001111
0001100001110111
8
0101011110001001
1001110000011011
1011010000011011
8
1110000010010111
1110000010101101
1001100110001110
8
0100111001001101
0000001100111111
0001111011100010
8
0101000011100111
0010001011110101
1110011110000001
8
1110010001011010
1111100100010010
1010110111000001
8
1111100010100001
1011011101000001
0000011101111010
8
0110100011111000
1000101011101001
1000000111011011
8
1010100110101010
1100010011110010
1100011100101001
8
0011010110011001
0111001101000110
0100011110100101
8
0110000101011110
0111001101110000
0111000101110100
8
1100100100001111
1101110010110000
1100000100111110
8
0000011101110101
0101101100110001
1110000110101100
8
1011000010101110
0011111110001000
0110110010100011
8
0111010110010010
0101011010100110
0010001101100111
8
1100010111001010
0000111100101101
0100001111010101
8
1110000001101101
0100011110011001
1110010011001001
8
1111010000100101
1010101010101100
0001101000111101
8
0101001011100101
1111010101001000
1011011000001011
8
0011000111111000
1000010001011111
0110101011100010
8
1001000001011111
0011001111100100
1011111001010000
8
1010010101100011
1001011001000111
0001110110001110
8
0010000101101111
1011001101101000
0110100101100110
8
1101010011001100
1011010101010001
0001111110011000
8
0000101111100101
1110001101101000
0110011010111000
8
1001001101010101
1001001001011101
0001100101011011
8
1100010011111000
1010000110110011
1110000111100100
8
0111101001001100
1011101010000101
0000101010111011
8
1011010110010001
1101100101000101
1101101010101000
8
1000110110010110
0001110110101100
0101010111001001
8
0000111101110010
1110011100100010
1011011000100110
8
0111100001100011
1001101010101010
1100101101001001
8
1010100111100100
0100001001101111
0001011100011011
8
1100100101010110
0111001010001110
1000011101110001
8
1110100110001100
0010011101010110
1001101101110000
8
1001001101010110
1111000110011000
1101010110011000
8
0010101010101011
0100111101000011
0011100110101010
8
1000010000111111
1101010100111000
0100111010100101
8
0111000110101100
0111010001001110
1100111000101100
8
0110001011101100
0111000011101010
1100000111111000
8
0101111101000010
0101001011110010
1001100101100110
8
0100001101110101
1010000111000111
1110010010011010
8
0111010100100110
1101001010100110
1001001111100100
8
0111101110010000
0011111001000101
0101011011000110
8
0011010111100001
0110110110000110
1001101001011010
8
1001001100110110
1100000111101001
0001101010101101
8
0001111100100101
1011011111000000
1000111001010011
8
0100010101010111
0110010100101101
1001100101001101
8
0111100111100000
0011011011110000
0110001011011100
8
0110110000101011
1011010101000011
1000011110001101
8
1111010101000010
1000111010100101
0001101011011010
8
0100000111011110
1110001000111001
0010110010101101
8
0010010110111010
1101101100001100
1100010001111100
8
1011010010001101
1010100000101111
1101001000101110
8
1001010100110110
1011100011001010
1010010011010110
8
0001111010001101
0110010001010111
0101000001111110
8
0110111000010101
0111101110100000
1100011100010101
8
0010001010111011
0101011101011000
0001110110000111
8
1011110011000001
0111000010001111
1001010011011100
8
0100001110101110
0101100101011100
1110011000101001
8
1111101001001000
1000011101110001
1001101100010101
8
1010011011011000
1011101001001010
1111010100001001
8
0111100011110000
0011001100111010
0001000111010111
8
1110001001011100
0010101001110011
0110110001101010
8
0110001100010111
0011101010110010
1111110000000101
8
0011011010110100
1000100100011111
1000010111011100
8
1000111101000110
0101110011010010
1010001111010010
8
1111100100100010
1001100101100110
0010001111011010
8
1111000001011010
0101001110001110
0110110101101000
8
1110100111000010
0110101110001010
1101000011101100
8
1111000111000010
1000111110110000
1100100010110110
8
0100001011111010
0110010110001110
1010011110000110
8
0111001011010100
0100110111100001
1101000011101001
8
1011001110010100
0101011001001101
1001110001001110
8
1000000101011111
0111011011010000
1110011001000101
8
1001000111010011
0011101010010110
1001010101001011
8
1101101000100110
0000111010010111
0010010101110101
8
1111110101000000
0011001100111001
1001011010010011
8
1101110100100100
1001111101000010
1100011111001000
8
1111100000100110
0110000001111110
0111010001000111
8
1101110010001001
0101111101000010
0011001010011101
8
0100010111011010
1111100001001001
0101000100111011
8
1000011101001110
1100101010110001
0101011110000011
8
1010010011001101
1010011000111100
0111110101000001
8
1000101100101011
0110111010101000
1110001011100001
8
1110000100111100
1100010100110011
1010010010011011
8
0111100000011101
1010101010001110
1111001101100000
8
1100000011101110
1110001001000111
1001001000111101
8
1110000100101101
1001010011010011
0000001101011111
8
1001001111010001
0001100110010111
1110010001001011
8
0010111011001010
1001010100011101
0101100100110101
8
0110110010010110
1011000111110000
1011100001100011
8
1100011011001001
1110010101001100
1000111101010100
8
1101001100000111
1111100100000011
1010011011010001
8
0111101010010001
0011111000111000
0100101011010011
8
1011011000100101
1101110001010010
0011011110010010
8
1000101111100010
0100111110010001
1100010100010111
8
1001110100010101
1100001011010101
0111100101011000
8
1111000000111010
0001110001011011
0101011010010110
8
1010011100101010
0001111011110000
0110011100001101
8
0011101000011011
1011001000111100
0011101101100001
8
1110001011000011
1110011100100100
0011100010101101
8
1100010100110110
1010100001001111
1100011101010010
8
1101101100100001
0000011010101111
1000111010011100
8
1001100100100111
1010110001000111
1100010100101101
8
1000010111010101
1011100000110101
0101101110100001
8
0010101010010111
0010000111010111
0111010001011100
8
1100001001001111
0101001101010011
0110101010011010
8
0000001011101111
1000111010100011
0101000000111111
8
1101110001000101
0011101100011010
1010101100001011
8
0100011011011010
0011010001110011
1101010100000111
8
0011101010110001
1000110101000111
0001011011010011
8
1011011100011000
0010111111000100
1100001100011011
8
1110000000011111
1010101100110100
1010000111110100
8
1100111100100010
0111001100010011
1010100101001011
8
1001000111110010
0011110100110010
0010110010010111
8
1010100111101000
1100101001100101
1100101111001000
8
0001110001110110
0100111000110101
1110010101001100
8
1000011101110010
0101110101000110
0001001111100101
8
1100100001011011
1011001000011101
0000111011001101
8
0100100111010101
0110101101001100
0001100110111010
8
0100011011010011
0100111101100100
0010111100001011
8
0101110000111001
0101101100101010
1000101000111011
8
0111110010010010
1001011101101000
0110011000100111
8
1010110100111000
1001101001001110
0100101110111000
8
1110111100001000
0110101011000011
0011011101000011
8
0011101011100100
0010110010011110
1010110101010010
8
0011111000101010
0101111010000011
1011010111001000
8
1100010111010001
0010000101111101
0010110100011011
8
0001010110101011
0100011000101111
1011100010010011
8
0001111000011011
1010101111100000
1100001010111001
8
1001110101011000
0101110010011001
0110101101100001
8
0100010111011010
1101110000111000
0110100101001011
8
0111100000111010
1101001111000100
0101100001011110
8
0000111101101010
1001100011100011
0010101011001101
8
0001010111110100
1110000101011100
1011010011110000
8
0100011011001101
0111000100101011
1010100101100110
8
1010001110010011
1000100110111010
0111010110010100
8
0011101000100111
0110001110010011
0010101010101110
8
0110111001001001
1110100101101000
1100110100101100
8
1101000110001101
0101000111100101
1100000011011011
8
0001011010101110
0111000110001101
1101011100001100
8
0100010101110110
1001001100101011
0101000100110111
8
0110100101011001
1000001100111101
1000100011101011
8
0111110010001001
0000111100001111
1100010011011100
8
1111000110001010
1001111010001001
1001100101011100
8
0101000110111100
0011001001011011
1100011001001101
8
1110100011001010
0001101111010100
0101000111001110
8
1000111011010010
1100000111010011
0110001001110110
8
0010100011100111
0010111101010100
0010110011110010
8
1010010100011110
1111101000000011
1100011100101001
8
1011011100100010
0101010111100001
1011010001010101
8
0110011000110101
1000000101111110
0110111001011000
8
1101100001001101
0111010101010010
0100001101011110
8
1110000011100011
0010011111100010
0000111110011100
8
1100000111010011
0110010110101001
1001011110001001
8
1110101101000100
0011001111100001
0010010100111011
8
0101010010101101
1100101111001000
0110010100011110
8
0001101111010010
0111100001011010
1001100011110010
8
0010011110110010
1110010011000110
1011010100010011
8
0100001110110011
0111100010100101
0101101110000101
8
0011011001100101
0011000110111100
1111011100000010
8
1111010010001001
0110000001011111
0000010011111011
8
1010100100110011
0101000110111010
0111010001100110
8
0100110111001010
0110111100100001
1110011000000111
8
1010111010010100
1100011010101010
1110110010000011
8
0001100101010111
0001111001101001
0011100100100111
8
0010100110101110
1011100001001110
0010001110110101
8
0100011100010111
0011110110001010
1001001111110000
8
0001011100011101
1111000110010001
0011111001010100
8
1001001010101011
1100011100001110
0110001110010011
8
1011010110101000
0111011100110000
0001010101110101
8
1010100110001110
0111100010001110
1101001100001011
8
0110011101000011
0010011011000111
1000111100011100
8
1011001010100110
1010010001101011
0011001011100011
8
1000001011010111
1001110001011001
0101110001001011
8
1100011010010110
0110110110000011
1110000011100101
8
0101011000101110
0110101000111001
1110010101100100
8
1111100011000010
0110010101100011
0011110100001011
8
0011011001100110
0101110001101010
1010110101000110
8
0001111011000101
0011111001001001
0111000100001111
8
1111010010011000
1010010101100101
0111100001110010
8
0011110001110001
0011011011100001
1100111100000101
8
0010011110110100
1101100100110100
1101100101100001
8
0011010101101100
1101101001010100
0110010110100101
8
1010111001010100
0101010011011010
0011110101110000
8
0010110001101011
1101101000011010
1000011110101001
8
0001111110000011
0101111011010000
1000001110111010
8
0011010010011101
0001111110100100
1001011010101100
8
1100101001110100
1101001001011010
1100011000100111
8
1001010111001001
0111010101001001
1000110001001111
8
0111111110000000
1001001101001101
0010111010001110
8
0110110001011010
0001011101101001
0110001011001011
8
1011010011000110
1010011101100001
1110001011001010
8
0011000101111001
0110000100110111
1011010111001000
8
1111011010000100
1010010100110101
0001100010111110
8
0101111110000010
0111100100101001
1100100111110000
8
1001010011011001
1100111000100011
1011000011101100
8
0010100001111101
1001110001001011
1010011100110001
8
0110010100101011
1111100100000011
0001111001010110
8
1100110100110001
1111100010010010
0001011001111001
8
0100011001011011
1010010101010101
0111101001000110
8
0111010110010100
0000110111110010
1011101100100100
8
1001100010110011
0011011010011010
1001010010101101
8
0111011100001010
0011011000001111
0010100011110110
8
0100011110100101
0101101010010101
0000111011101001
8
1001101100010110
0010101101101001
1011111000010001
8
1010000110111010
1100101010111000
0101101111001000
8
1000111100110010
0001111100110010
1011110011010000
8
1010100111010100
1100010111000110
0100111100011010
8
1101100011001100
0101110011100001
0110100010101110
8
0101100011001011
1110100001111000
0001101110001101
8
0111010110100001
0100011110100011
0111100000110110
8
0111001110010100
1011001000110110
1011010011110000
8
1010000110101101
1100001010011101
0110010101111000
8
0101110101100100
1101101000100110
0011100100100111
8
0010111001101001
1111100011001000
0110110110101000
8
1010111001001100
0011000010111011
0111100001000111
8
1110010110001001
1001101001101100
1111000010011001
8
1000111010010101
1110110001011000
0110000011111010
8
0010111101010100
1111001101010000
0000100101111110
8
1010110100100110
1000111100111000
1010111000000111
8
1010110000011110
0100011111100001
0100111010100101
8
0001101101011100
1100111101100000
1111001000011001
8
0110001001011101
0010001001101111
1000101101110100
8
1011000010110011
0100111001001011
0000100101110111
8
0111101010000011
0000000111111110
1011100111000010
8
0111010101110000
0100111100010101
0001111010100110
8
1001010110011100
1011110011010000
0011101000111100
8
1110001110001010
1010100100001111
0110010101101010
8
1001110000111010
0001000100111111
0010001110100111
8
0011101001010101
1010011010010101
1100000111001110
8
1101000101010101
0001001100011111
0110100010011011
8
1101101101010000
0010011001101110
1110110000011010
8
0111100100101001
0100110100111010
0111001001001011
8
0100010001011111
0000111010101110
0000110111110010
8
0100011001110011
1100111000010011
1110010011010001
8
0000101001101111
0101111010001001
0001010111100011
8
0101111000011010
1101110101000010
1010011000101011
8
0010110110010101
1000110011001110
1110100010010110
8
0011101100100101
1001111100001100
1001010110100011
8
0011110010000111
1100010011101100
1011011010010100
8
0101100111000101
0001110011100011
1000011001011110
8
0110101110001010
1110001101000110
1101011001001001
8
1000001100110111
1010011110001010
0101011100010101
8
0001011101001101
0110100110001110
1001001100010111
8
0011111101000100
0101000010110111
1010011100110100
8
1001001011100101
1100101001001110
0000011101011110
8
1000000011111110
1110100001100110
0100011111001001
8
0000110110101101
1101001100101001
0001110001111001
8
1111100100010100
1110111000110000
0100110010101101
8
0010101010101101
0001111010110010
1001010101010110
8
1010101011110000
1010100110010101
0000101100111011
8
1010101100101001
0000111001011110
1110101100100001
8
0010100001101111
0011010001110101
0100101010111100
8
1100110010101001
0101011011000011
0001100110110101
8
0111001000010111
1100000100111101
1100001111110000
8
1001101000100111
0100011011010101
0110110000101110
8
1001100101011001
0000001101111011
1001010011001101
8
0011110010110010
1101100100000111
0000100101110111
8
0111111010000100
1101001010101100
1000101100111100
8
0010100101110101
0110001100011011
0011001110001011
8
1101101001000011
1010100001101011
1111100001100100
8
1100110101011000
1100010001011101
1101010011100001
8
0011101111000001
1000110100101101
0101101111010000
8
1111011100100000
1010111101000010
0101100011010101
8
0000011101110101
1100011111000001
1000011001111010
8
0101000111100011
1011110001101000
1010011000010111
8
1001110101001001
0110011101010010
1110100000110011
8
1100110110100010
0010111101000110
1001011111000001
8
0111100000101110
0110110000011011
1001001011011100
8
1010111100000110
0110111001100010
0010101110011001
8
1010010101001110
1010111001100001
0001110010011101
8
0110001011001110
1011001100101001
1101000001101011
8
0101010001011101
1001000111110010
0010010010111011
8
1100111101000100
0011000011101011
1110101100100001
8
1101100011110000
0111001010100110
1011010100010101
8
1100001011101010
1110110001101000
0110110001100101
8
0000111110001110
1000011111001100
1110000101100101
8
1010101100110001
1001110011001001
0101110011100100
8
1100010110010101
1111111000000001
0001000011111101
8
1011000101100101
1000111001010011
0101001100111001
8
1110000001011101
0110011111010000
0110010011100110
8
0010111001011001
1110110110000001
0110011100011100
8
0010100011010111
1000011101100110
1010111010000101
8
0000011110101101
1100110110001010
1001000100011111
8
1110100100110100
0110001101001011
1010110100010101
8
0001101110001110
0010010101111001
0011010100101011
8
0110101100010110
1101101000010110
1110101010001001
8
1010011011000110
0000011001011111
0011001011100011
8
0100100100111110
0010000111111010
0101110111001000
8
0111010010101100
1001111000110100
0011001010101011
8
0101110001011100
0101110000101110
0111111000100001
8
1011110001100100
1100011101001001
0001111100011001
8
0110101011101000
0001011101010101
0111000100110011
8
1100011000100111
0110100011101001
0001011001101110
8
1010101001101010
1000001111100011
1100001110010011
8
0001010110111100
0000110110111001
0000110011101011
8
1110101010100001
1011010011011000
0011101000101011
8
1100101000011101
0111101011100000
0100111011010010
8
1011010010100101
0100111001001110
1010001101100110
8
0011100100110101
0011011010100110
0111000100111010
8
1110100011001001
1100001010110110
0010101110011010
8
0111000110011100
0101010110010101
0110111000001110
8
1010001110100101
0001001001110111
1111000011001001
8
1100110010010011
1110010100101100
0011100100110011
8
1001010010010111
1001011001010110
1011001111000010
8
0010101011111000
0101000011001111
0101110100101100
8
1110010010011001
0000110110111010
1011100110011000
8
0011101110101000
0101010100111001
0100101001010111
8
1011010001110001
0000111001010111
0111100000101110
8
1110000100110101
1011101001000101
1011100000101011
8
1101100010101001
0011001111100001
1001000011010111
8
1011011100000011
0110011101000110
1110110000100011
8
0101011010010101
1001100011110100
1000111100010110
8
1110101001001001
0010011101101100
0000101001011111
8
1101100010101100
0000110101011101
1100001010011011
8
0010010011111001
0111111001001000
0000100111111010
8
0101001100110110
1001011110010001
1110010001001011
8
1010101011001100
0001001011011101
0100011101101010
8
0110011011010010
0001001111101100
0001010111010011
8
1011001110101000
0110111001110000
1110011000101010
8
1011101100010001
1011100010010011
0000000111111101
8
0010001110110011
0000101110101011
0010101001011110
8
0111101001010010
0101001011011010
0010101110110100
8
1101001010011001
1100101100001011
0011111100010100
8
0101011010110001
0011101010100110
1110011010000101
8
0010110111100001
0101101111010000
1100010011011100
8
1000110011111000
1100101011010100
0100101100110110
8
0110000101101110
1101110001010100
0101011101100010
8
0001011110101100
0111100111010000
1001010011001110
8
1011111010000010
0110110010011001
0100101110010101
8
1011010100001101
0111001100110100
0100011001100111
8
0001011011011001
1010101100111000
1001010100111100
8
1101110001100100
1010101110100010
0010110010001111
8
0100011110110100
0001011111001010
1111000001010101
8
0111011000010110
0110101011001001
0001111011011000
8
1010001010101011
1110111000010100
1101001001100011
8
1010000110111100
0110001010101011
0110100000011111
8
0110101111000010
0000011001111011
1011001010010011
8
0101011101010100
0111010101000011
0011011010110010
8
0011010101110001
1111001011001000
1011011010000110
8
1101101010010010
0011010000110111
1011001101010010
8
1000001101110101
0001010110111010
1111001010000101
8
0111101100010010
1010100011001011
1010011110000110
8
0111011010100100
1011011100000110
1111000010100011
8
1110001001010011
0001100111010110
0010011101011010
8
0011101011000011
1111010010010100
0001001011010111
8
0010100111100101
1100000111101010
1010101010111000
8
1000011010010111
0000101111000111
0010000111101101
8
0110001011011100
0110001010011011
1110110000010101
8
1111010010010001
0011010001101101
1101000110100101
8
1010011110000101
0100100011010111
1100110110011000
8
1011000111101000
0101001001101011
0111100000110110
8
0001101110100110
0100011111010001
0100011101111000
8
0100110111000110
1001000011100111
0010110010100111
8
0000000111111101
0110010100100111
0110101010111000
8
1101101011000100
0101000001011111
1010000100011111
8
0111001010010101
1001011011110000
1100010100011110
8
0110010001011011
0001111010001011
0000101110110110
8
1101001100011001
0101000010011111
1110100001001011
8
0110001110001011
0011001110001011
1001100010110110
8
0000101111101100
1101000001110011
1000101110101010
8
1011100000100111
0111000100111100
1001100101010011
8
0011110100011100
0110010100110101
1000001011111100
8
0001110001110101
1011001011010001
0110011100100011
8
1001011001011100
0111100111100000
1000010111001011
8
0011110001011001
0011011110101000
1010100111010001
8
0001011001101011
0111000111001010
1101001100011010
8
1100001011001011
0111001101100010
1110011010001100
8
1000011001101101
1011101001100010
1101110101100000
8
1011001100011100
0011110110100100
1001100011011100
8
1010101010101001
0001011000101111
1000101101110001
8
0101001101001101
0101001100110110
0101101010110010
8
1111110010000010
1110001010110100
0010010100111101
8
0001101100100111
1101100101100001
0011111010010001
8
0110101011100001
1001011110000110
1000010001011111
8
0101011011001010
0110010001110110
1101000111110000
8
0110001010101011
1101100011001001
1100100011010110
8
1001011100010011
1111000101000101
0010010110111100
8
1111110011000000
0001111110101000
0110001101001101
8
0101010101110001
1011110110100000
1001110110100010
8
1110010011001001
1010001110110100
0100000111101110
8
1010011010001011
1100100100101011
0111100011101000
8
0110011010010011
0101101100010110
0101010110110010
8
1111100000000111
0010010111010101
1010011001101001
8
0011110100010110
0101101001011100
1100001100011101
8
0000011110111100
1100010100101011
1101000001101101
8
0111110011001000
1110101101010000
0010110101000111
8
0001011101011100
0110110110000101
1111000010011100
8
0001011001010111
0011100110010110
0110000110111001
8
1110000001111001
1100110010101010
1111100001010010
8
1001100100011011
0011000111001101
0110011010100011
8
1000011001110110
0110110100110001
1100111010001100
8
1101100010010011
1000001010011111
1110110001000101
8
0011100011100101
1111011000001010
0001001001011111
8
1011110000110100
1001001010011011
1010000111010101
8
1011110110000001
1100011100011001
1001001011001101
8
1101001010000111
0101001110100011
1001100000101111
8
1011000001110110
1011101001001100
1001010001001111
8
0110101011100001
0110110010011010
1011010010101001
8
0001001111010110
0010111010010110
0101000111001101
8
0011101011001100
1110010101100010
1011011001010010
8
0001001101110101
1101011001010001
1100010011001110
8
1101001000001111
1011010011000110
1100110011001001
8
1010000111010101
0100001111100110
0010111011100010
8
1100000111101001
1001011010111000
1010011011100100
8
0011100010110101
0010111100010110
1011001100011100
8
0110101100011010
0010111010111000
1110110000001110
8
0111001010100110
0111100100000111
0110111000001110
8
0111010111000100
0100111010001101
0011111100100001
8
0110010111000011
1101100000010111
0011100011110010
8
0100110001100111
0101000100111101
0011111010010010
8
1001000110100111
0110010100011110
0010001011111010
8
0110101101010010
1110010010000111
1100011001011100
8
1010110001110001
0111100100110010
0000110101100111
8
0000111011000111
0101100001101101
0100011010001111
8
0111101000010011
1011001001001011
0001011110110100
8
0011001110011100
1110111010000001
0100011111000011
8
1000110100101011
1110001101000110
0100011110010101
8
0110010011100110
0100110101011010
0100100010111011
8
0111010001010011
1100011010011010
1001000101100111
8
1001000100111011
1100101010101010
0101101010011100
8
1010001000011111
0110001001011110
1101110001000101
8
1000001111011001
1101100001111000
0101100101110010
8
1001001011110010
0010011001010111
0101101100011010
8
0111010001110001
1110001010011010
0010010010111110
8
0100010101001111
0101101000010111
1110100001010110
8
0110110110100010
0001001011101011
0110111001101000
8
1110010100001110
0101101110000011
0000101101011011
8
1111010100010001
1111011001000010
0111000101001110
8
0100101011010110
0101010011011100
1011001010010110
8
1111001100000011
0010011110101100
0001110001110110
8
1100001011110001
0011100001110011
1001111100010010
8
0011001101110010
0111000011110100
0001101001110011
8
0111010011011000
0110010000111011
0100011111000101
8
0111001100101100
1010011111000100
1101001000111001
8
0101100011100101
1011101101000100
1100110000100111
8
1110001100101010
0011100011101001
1000101100101110
8
0100111001111000
1000010101110101
0101110101110000
8
1010000101111100
0110011010011001
0001010010101111
8
0111111000100100
0100000110111011
0001001111101100
8
0101000101001111
0110001010010111
1000110101010110
8
0000111111110000
1011101000000111
0011011110001001
8
0101001110111000
1001001101010011
0101011100010011
8
1011100100001101
0110011011000110
0011011001010011
8
1001111101000001
1001100101011010
1001000111100011
8
0001110010111100
1010101001101100
0111010000110011
8
1110000001001111
0010010101101110
1110010000001111
8
0111001101110000
1001101110100010
0111101100101000
8
1000101101110100
0001101101101100
0011011010011100
8
1110100001001101
1001110111100000
1111011010001000
8
0111010100000111
0000101110111001
1001000001101111
8
0101010000111110
1010001101011010
1001100010110110
8
0010100101101101
1110010101110000
1110000100001111
8
0111001000110110
1001000111100110
0101001110000111
8
1011001001100011
0110001010010111
1010110010101001
8
0001110010101110
1101100110010001
1001110000110101
8
0010101101101100
1111110010000100
0000011110111100
8
1010111010000011
0100000111111010
0011100001100111
8
1011100100001101
1111000010011100
0001101000011111
8
0000100111101011
0101101011000011
1010110110011000
8
0101100101011001
1000010011010111
0010111100010110
8
0111010000101101
0000101001011111
1011110000011010
8
1011100011100010
1011010011010100
1110100010001011
8
0100110111100010
0011011101100100
0001011110001011
8
1011011100100010
0110011101100100
1000010011011110
8
0010011001110011
0101101001110100
1111101000000101
8
1011001110001100
1010100110011010
0111101011001000
8
0010111010011100
1001000101011110
1011101010001010
8
0111001010001110
1100011101100010
0100001110111100
8
0010110011100110
0100011001110101
0001100111101100
8
0000110011101110
0011000011011011
0011101100110001
8
0111000011110100
1000010111011100
1101000110001011
8
0001100111001101
1100000111101001
1011000101101100
8
0010010011110011
1010001100011101
1001010110010011
8
1010101001101001
0010111100011010
1110000100110011
8
1000110110110010
0110101010001101
0101011111001000
8
1100111000000111
0000110110011110
0000100111101011
8
1101001010100101
1011001011100100
1100010100011101
8
1111110010000100
0100100011001111
1110010101001010
8
1001111000110100
0010110010111001
0000100111110110
8
0011000100011111
1110001000101110
1011110101001000
8
0110110011000101
1100100110010011
0000011110011101
8
1011010010111000
1011111000010100
1101011010010001
8
1000101001010111
0010000111111100
0101010100111001
8
1101011110000100
0101000011010111
1001100100110110
8
1100111010001100
1110101000001011
0110010100101101
8
1111101010100000
0011011001111000
0000001110110111
8
1010010001010111
0100110101011001
1011010011011000
8
0110100010010111
0100001100101111
1000100111011100
8
0100111001001101
1000101011000111
0100110100110011
8
1101001110001001
1011101000001011
1101000011010011
8
1011001010010101
0111101000001011
0110100011110010
8
0011000011101110
1111000100111000
1010110001001101
8
0011011101000011
0100100111011100
1010001110010101
8
0010001010101111
1101011100000011
0010101110001110
8
1010001001011101
0011010011100101
0000101111001101
8
0010101011011001
0110111010101000
0001101011010110
8
0100100111010110
0000110110101110
0000011101101011
8
1001011110010100
1100100011010101
0100111100101010
8
0110110000001111
0110110010101001
0101000010111110
8
0101010100011101
0011010100100111
1001101110001100
8
1101100010100110
1011000110001101
0101100011011010
8
1111010000110100
1100100010111001
1010010011011001
8
1010010100111001
1110011011010000
1011101000001110
8
1000110011011010
0111000101001011
0011101000110011
8
0010010101110011
0100111111001000
0111111000100100
8
0111000101110001
1010010011101010
1100110001101001
8
1110001110000101
1010100100110011
1000000011101111
8
0110000101011110
1001100010111010
1111010011010000
8
0010100101110101
1001010101010110
1010110110000011
8
0111010011110000
0000010111001111
1010100000110111
8
1011001110110000
0010111110110000
0001111110010100
8
1110010110110000
1001111010000101
1000111001100101
8
1000111100110100
1000000111011110
1000001010111110
8
1100010101011010
0001111010011001
0010110100111010
8
1110000110100011
1001101100110100
0011100010101110
8
1001011000110101
1110101001010001
1001011001100101
8
0000101011011011
1101101000001110
0100101011011010
8
1111110010100000
1010110010011100
0101011000011101
8
1111001110000100
1010110100110010
0111110000001011
8
1001100100110011
1000011110110100
1111001101001000
8
0101010001010111
1000110110001110
0111110010010010
8
1111000100101010
0001110001011011
1110011110000010
8
0000101111110001
1010000101110011
1101010010011001
8
1110001110010010
0001101101010110
1000100111101001
8
1000101001011110
0100001011011101
1011010111000001
8
1010111000001110
1100001110100101
1101111001010000
8
0001000101111011
1011011010000011
0000110101011101
8
0101000111100011
0010011101101100
0111001110110000
8
1101101010001100
1010010101010011
1111001000000111
8
0011011011000110
0110101100010110
0001110111001001
8
1011011101010000
0100000111101101
0111101000101010
8
0010011111010001
1010011101010100
1000011110010101
8
1001001100100111
1111000100010110
1001110100100110
8
1100011010110100
1001010011011001
0011011100111000
8
1011001011000110
0111000110111000
1100000110001111
8
1111000110100100
0011110010011001
0001101101011001
8
0100101111000011
0100110011110001
1001101010000111
8
0110010101111000
0101010001011110
0001001011001111
8
1111001001000011
0111100101010010
1111010100010010
8
0100001011001111
0010000111010111
0111000110011001
8
0001001110010111
1011100110011000
0001001111010011
8
0100011011011010
1110100100010101
0110100001011110
8
0101100111100001
0011100011010110
1110001001011001
8
1000101111001001
1110101010110000
0100111010110100
8
1100001011110001
0100001010111011
1000010001111101
8
0111010011001001
0011010010100111
0101110111010000
8
1110010101011000
1001010011011010
1100011001101010
8
0001011100110110
0111010110101000
0001111000011011
8
1010001010011110
1011100011100010
1011100010011010
8
1110001000110011
1000110100010111
1110011101000010
8
0111101000101001
1010010011110010
1100101001010011
8
1000100010111110
1000110010110011
0010110100010111
8
1001011100011010
1000110111000011
1001010101010101
8
1011101010000110
0100111010101100
1000011101110100
8
0011101110110000
1110011110000001
0100111011110000
8
0100010010110111
1000111001010101
1000101110011010
8
1101010001110001
0111101100100100
1001100010011011
8
1111110000100010
0010110000011111
1110101000010101
8
0111000001101110
1001011001110100
0101100011101001
8
1011000101001011
1000101101011001
1000100111110001
8
1000011000111101
0111001111000100
1010100111001100
8
1101100100100101
1011100001010110
0011101100101100
8
0010011011101001
0011110100110001
0110010101100011
8
0011001011001101
1010011110001100
1010010100011101
8
1011011011000100
0110011100111000
1001011110100010
8
0111011010010001
0011011101101000
0010111011101000
8
0110111011001000
1110101100001001
1010110100110001
8
1100101001011010
0101111101100000
1101001001011010
8
1010011100111000
0011101100011100
0101001101010011
8
1100010111001100
1001010111010010
0000101101111100
8
1111000101000011
0111100100010110
0000101011110011
8
0011101111000001
0011100110100110
0010101100111010
8
0100000011110111
1001001011110100
0111101100010010
8
0010010110101011
1000001110010111
1100101110000101
8
0011000011011110
0100010110011110
0110000101011011
8
0100101100001111
0000111001110110
1000101101101001
8
0010111101000101
1010001001110110
1010100101011001
8
0101011001100110
1101011001010001
0111100011101000
8
0000010101111110
1100110111001000
1011000000111011
8
1011001000101110
1000100110011011
1011000110001101
8
0101100101100011
1000101110100011
0000110101111001
8
1100000011011011
0000111001011011
0001001111101100
8
0001011001110110
0000110100111110
1000111000011011
8
1000001110100111
1100111011000100
1001101001110001
8
1101010110011000
1100111000010011
1011100001010101
8
0011001000110111
1010000101100111
1011010000110011
8
0001011100110101
0000000110111111
1001001101010101
8
0101000110110011
0110110101000011
1011101110000100
8
1100010110010011
1000101001101101
1000101011101100
8
1000110011110001
1100100100111100
0000100100111111
8
0100111000110101
1001010111001100
1011010001100011
8
1100000011111010
0000001111011101
1100000111100101
8
1010000011100111
1100111001000101
0111100010001011
8
0101001001110101
1001010111101000
1011000001111100
8
1010000100101111
0100111011001010
0111101000001101
8
0101110010110010
0010010111100101
1111000100010110
8
1001010011101100
1110110010011000
0110101001101001
8
1011000001110011
1101111011000000
1101101010001010
8
1110100001110010
0001100000111111
1111110100100000
8
0111110011000010
0000101110110101
1100010000110111
8
1001001001011110
0100011010011011
0101111000110100
8
0010111001100101
0000100111110011
0110100000111110
8
0101111000010110
1010001100011011
1110100010110001
8
1010001011011001
1011110010000011
1000010011011110
8
1001100101110010
0101000001111101
0010101010110011
8
1001001101110001
1110101000010110
1011100110001100
8
0101001001111010
1101000011110010
1011100100101001
8
0110100010101011
1011010010001011
0010110111100001
8
1100100011011100
1110000110101010
0000100001111111
8
1001100000101111
0000001111110101
0110101100100110
8
1010001110110100
0111110011000100
1001001011110001
8
1000110111000011
0110001001010111
0111011100110000
8
1110101000110001
1011110001000110
1010110111001000
8
0111010110100100
0111100011101000
0001000111100111
8
0001010011001111
1011100000010111
1110011010100010
8
1110001010010110
1000111100111000
1011001101010001
8
1000101011001011
0010000111110110
0100011011001101
8
0100111100101010
1101001000011101
1100101110010100
8
0101100011010101
0100001101110101
1011110000101100
8
1110011000111000
1001010001010111
0110010101011100
8
1010001111000011
1001111100110000
0011111101001000
8
0111001110100100
0010001111100011
0110110010001101
8
0010001111000111
1010011101011000
1011110011000100
8
0100110001011011
0011101100100011
1000100101011101
8
1000010011110101
0101011101010100
1001100100110110
8
1111011000100010
1001101100001110
1101000001010111
8
1111000101000110
0110110000110110
0000111101011010
8
1110000011011100
0010001111010110
1011000101001101
8
1111000101100010
0010011011100101
0000110010110111
8
1010110110110000
0011101011100001
0111101000000111
8
1100110110001010
1111100001100100
1100010010011110
8
0111000011011010
1110001010100011
1110010001101001
8
1110101100110000
1100010100101110
0110111000100101
8
0011011010001011
1101101100101000
1001110101000011
8
1111010010001100
0011111101000100
0101001101011001
8
1000100011011011
0011011011001010
1110100111010000
8
1101000101110100
0001011011001101
0011001001010111
8
0010111110010100
0101101101100010
0011011010001110
8
1001001101011010
0010101101101010
1001101010001110
8
0100101011100011
1101110111000000
0110011001001110
8
1011011111000000
0101110010101010
0110110001110010
8
1110001110100100
1100101001011100
1111101100100000
8
0111000011101001
1000101110100011
0010011101000111
8
1000110110010011
1011000111000011
1101010110010001
8
0011110000110110
0111011001100010
0110010011101001
8
0110001100110110
0001111000101110
0101110000110101
8
1001110101001010
0111110000001011
0101101000110101
8
1101011001000011
0101101001100011
0111000001011101
8
1000011110101010
1101001010011010
1011100001100101
8
0001111001110001
0001101001111001
0011100111100100
8
1001001011000111
1000011011100011
0110100111010001
8
0000111100011011
1110010100001011
0100011001011110
8
0101011010110100
1010000111001101
1000101011001110
8
0011101110001100
0010111001001110
0001011011101100
8
0110001010110011
1011100000011011
0110011011101000
8
1110001010000111
0101110101001010
1100110010110010
8
1011100101000101
0101101110101000
1101001010110010
8
1111010000010011
0011011110010010
0001001100111110
8
1000101011101100
1001000111101100
0101001101110100
8
0000111110010011
1100010111101000
0000110101011011
8
1011100100001011
0111001011001010
1010001101101100
8
0111000010101110
1011110010000101
1010001011011100
8
0100001011011101
1010010100111010
0110001111001001
8
1010011110100010
0100010110010111
1001010011100110
8
1010010111010010
0011101100011100
0101010011100110
8
1000111011010010
0111010011001010
0110100100101110
8
1011111000100001
0101011001010011
0011111001001100
8
0110111010100100
1100110110110000
1110001101001100
8
0001011011000111
1000100001111011
1100011011010100
8
1101101100010100
0010000110110111
0111010100000111
8
1010110101100010
1001011011100010
0001001100110111
8
0110001010101110
1110001010100101
0100000011011111
8
1101100001011100
0000011101001111
0100101010101011
8
0000101110101011
0011101101011000
0110110000101011
8
1110100111000100
1101011101001000
0001101001111010
8
1100010011010011
0101001110001110
1110101100101000
8
1000110011001110
0100010001101111
0010010001011111
8
0001111011001010
1000101101010101
1010000111000111
8
0000111110011100
0101010001101011
0011101001001110
8
0100011111100100
1000010101010111
1101010111000010
8
1011110100110000
1001010111110000
1100011001010110
8
0000110001011111
0111101100000011
1010101001011010
8
1000101100110101
0001101001100111
0101010111011000
8
1010001000110111
1010001101001101
0100011110110001
8
0011011011001100
1001100100111010
1100110100100011
8
1111010010001100
0111010100010110
0001010111110001
8
0001010111110001
1100011011010010
1101001001010011
8
1111000110001001
1010010111000101
1100011000010111
8
1000000011110111
0001100101010111
0011010100101110
8
1101111100000100
0101110100010101
0011110110010001
8
0011100110011010
1101001010110001
0101000101110011
8
0110110011110000
0001011010111100
0100011001001111
8
1100011001011001
1011010010110010
1001010101101100
8
0101100111001100
1101100110100100
0100001110101110
8
0000110011010111
1011101100110000
1011100011010010
8
1101010010101001
0001101011011100
1000011011101010
8
0110101010010011
1010000111110100
0100111000110101
8
1101011101010000
0111100101100010
1011010110010010
8
1101011100010001
1010011000010111
1100011110100001
8
0101110110001001
0111000101011100
0111101000101001
8
1100010100111010
0110000110110011
0111110100000110
8
1100100101010101
0000111011110100
0010101011101001
8
1100110011011000
1010010001110101
1100011101100001
8
0101001100011011
0101100011001101
1000110010100111
8
1010000011011011
1010100100101110
1011010010100011
8
0100100111011100
0100101100111001
0101101000010111
8
1000101001011101
1000001011101101
0010110000111101
8
1101110001101000
0110011111000010
0110101011011000
8
1110001010110010
1111100100011000
0000110110011101
8
1011101000101100
0010111100001110
1101101000001011
8
0010111001001110
0100101010110101
1110101101000100
8
1011010001001101
1101110000011010
1110101001000101
8
1101101000010101
0000010111111001
1110111000001001
8
1110000001110011
1011000111001100
1001001011001110
8
0101100101100011
0000011111000111
1100101110010010
8
1101100101001100
0000010101111101
0111011001000110
8
1000000011101111
1010101100110100
1100110010010110
8
0011001101010101
0111011000100110
0010101011100101
8
1000010001110111
1100010101110100
1001010111000011
8
1000001011100111
1110110110000100
1101011000110001
8
1011000011101100
1110110101000001
1100010010111001
8
1011011001010001
0011100010011011
1000110110101010
8
1000110110101001
1000010110101110
1100101010000111
8
1011001101100100
0011001101100011
0001011101111000
8
1101110000100101
1110111011000000
1001001011011010
8
1010010001110110
1000111100100110
0010010110110101
8
1010111010100001
1111010100010010
1110010010101001
8
1001100001101101
1100010111000110
1110100111010000
8
0011110010110100
0100110100111100
0100010110111100
8
0110100110000111
1110010011010100
1101011001101000
8
0001001111001011
0111010101001001
0011101011010001
8
1010100001101110
0001001111100011
0010101001110011
8
1010011111000100
0111010101110000
1100001010011011
8
0001011001101101
0110010001101011
0101110010110001
8
0011010101011100
1010010110100101
1100011010010101
8
0010111110000110
0101110010010101
0010010011100111
8
0010111101001001
0100011101110100
1001000100111011
8
1110100011010001
1011101010001100
0010110000011111
8
0101110010011001
0100100100011111
0011011001101001
8
1010001110100110
0101111010000101
0001111110010100
8
1100111001100010
0101011011000101
1010011011010100
8
0101010011011001
1010010101010011
1110101001110000
8
1011101100010100
0100011101101100
0111101000000111
8
1000000111001111
1101101111000000
0110110001101001
8
1000111111000001
0011001111001100
0011100011010101
8
0010110111000101
1111101101000000
0111010011101000
8
0010110001110011
0001001100111101
1110110010100001
8
0101000010111110
0010001110011011
1110100101100010
8
1011100100101001
1001100000111011
0110111100100010
