7 27
0 1 1 2 3 3 4 5 5 6 7 8 9 9 10 11 12 12 13 14 14 15 15 16 17 17 18 19 20 20 21 22 22 23 23 24 25 25 26 27 27 28 29 29 30 30 31 32 33 34
0 35 35 36 37 37 38 39 40 40 7 8 41 41 10 11 42 43 13 44 45 46 46 47 48 49 18 19 50 50 21 51 51 52 52 24 53 53 26 54 54 55 55 56 57 58 31 59 33 34
60 60 61 36 62 62 38 63 64 65 66 66 67 68 69 70 70 43 71 44 45 72 73 47 48 74 74 75 75 76 76 77 77 78 78 79 80 80 81 82 83 83 84 56 57 58 85 59 86 87
88 88 89 90 90 91 92 63 64 93 93 94 67 95 69 96 96 97 71 98 98 72 99 100 100 101 102 103 103 104 104 105 106 107 107 79 108 109 109 82 110 110 84 111 111 112 85 113 113 87
114 115 89 116 116 91 92 117 118 119 119 94 120 95 121 121 122 97 123 123 124 124 99 125 126 126 102 127 128 129 129 105 106 130 131 131 132 132 133 133 134 135 136 136 137 137 138 139 140 140
141 115 142 142 143 144 145 117 118 146 147 148 120 149 150 150 122 151 151 152 153 154 154 125 155 155 156 127 128 157 157 158 158 159 159 160 161 162 163 163 164 135 165 165 166 166 138 139 167 168
141 169 169 170 143 144 171 172 172 173 147 148 174 175 175 176 176 177 177 152 153 178 179 180 181 181 156 182 183 183 184 184 185 185 186 160 161 162 187 187 164 188 188 189 190 190 191 191 167 192
193 194 195 195 196 196 171 197 197 173 198 199 200 201 201 202 203 203 204 205 205 206 179 180 207 207 208 208 209 209 210 211 211 212 213 213 214 215 215 216 217 218 219 189 220 220 221 222 223 192
193 194 224 224 225 225 226 227 228 229 198 199 200 230 231 231 232 232 204 233 234 206 235 236 236 237 237 238 239 240 210 241 241 212 242 242 243 244 245 246 217 218 247 247 248 248 221 222 223 249
250 251 251 252 253 254 226 227 228 255 256 257 258 230 259 259 260 261 262 233 234 263 235 264 265 266 267 238 239 240 268 269 270 270 271 271 243 244 245 246 272 272 273 273 274 275 275 276 276 249
250 277 278 278 253 254 279 280 281 255 256 257 282 282 283 283 260 261 284 285 286 263 287 288 265 266 267 289 289 290 268 291 291 292 293 294 294 295 295 296 297 298 299 299 274 300 301 301 302 302
303 277 304 305 305 306 279 307 281 308 308 309 310 311 312 312 313 313 284 285 314 314 315 288 316 316 317 317 318 290 319 320 321 292 322 322 323 324 325 325 297 298 326 327 327 300 328 329 330 331
303 332 332 333 333 334 335 307 336 336 337 337 310 311 338 339 339 340 341 341 342 342 315 343 344 344 345 345 346 347 347 320 348 348 349 350 350 324 351 351 352 352 326 353 354 355 355 329 330 331
356 357 357 358 358 334 335 359 359 360 361 362 362 363 364 364 365 340 366 366 367 367 368 369 369 370 370 371 346 372 372 373 373 374 374 375 376 377 377 378 379 380 381 353 382 382 383 384 385 385
356 386 387 387 388 389 390 390 391 392 361 393 393 363 394 394 365 395 396 396 397 398 399 399 400 400 401 401 402 402 403 404 404 405 406 406 376 407 407 378 379 380 408 408 409 410 411 384 412 412
413 413 414 415 388 416 416 417 391 392 418 419 420 421 421 422 423 395 424 424 425 398 426 427 427 428 429 430 430 431 431 432 432 405 433 434 435 435 436 436 437 438 439 440 409 410 411 441 442 442
443 443 414 444 444 445 446 417 447 447 418 419 448 448 449 422 450 450 451 451 425 452 426 453 453 428 454 455 456 457 458 458 459 459 433 434 460 461 461 462 463 438 439 464 464 465 466 441 467 467
468 469 469 470 470 471 446 472 472 473 474 475 475 476 476 477 477 478 479 480 481 452 482 482 483 484 454 455 485 457 486 487 487 488 489 490 491 492 493 462 463 494 494 495 495 465 466 496 497 498
468 499 499 500 501 471 502 502 503 473 504 504 505 506 507 508 508 478 479 480 481 509 510 510 483 484 511 512 485 513 514 514 515 488 516 490 491 492 493 517 518 519 519 520 520 521 522 496 497 523
524 524 525 500 501 526 527 528 529 530 531 532 532 506 533 534 534 535 536 537 537 509 538 538 539 540 541 512 542 543 543 544 545 545 516 546 546 547 547 548 518 549 549 550 551 551 522 552 553 523
554 554 525 555 555 526 556 528 529 530 557 557 558 559 533 560 560 535 536 561 562 563 564 564 539 540 541 565 566 566 567 544 568 569 569 570 571 572 572 548 573 574 575 550 576 577 577 552 553 578
579 579 580 581 581 582 556 583 583 584 585 585 558 559 586 587 588 588 589 589 562 563 590 590 591 591 592 592 593 594 567 595 595 596 597 570 571 598 599 599 573 574 575 600 600 601 601 602 603 578
604 605 580 606 607 582 608 609 610 584 611 612 613 613 586 587 614 615 615 616 617 617 618 619 619 620 620 621 593 594 622 622 623 623 597 624 625 598 626 627 628 629 630 631 631 632 632 602 603 633
604 634 634 606 635 635 608 609 636 636 611 637 637 638 639 639 614 640 641 616 642 643 643 644 645 645 646 621 647 648 649 649 650 650 651 651 625 652 653 627 628 629 630 654 655 656 656 657 658 658
659 659 660 660 661 662 662 663 664 665 666 666 667 667 668 669 669 640 670 670 642 671 671 672 673 673 674 674 647 648 675 675 676 677 677 678 678 652 653 679 680 681 681 654 682 682 683 684 685 685
686 687 688 689 689 690 690 663 664 665 691 692 693 694 694 695 695 696 697 697 698 699 700 672 701 701 702 703 703 704 705 705 706 706 707 707 708 708 709 709 680 710 710 711 712 713 713 684 714 714
686 687 688 715 716 717 718 719 719 720 691 692 693 721 722 723 724 696 725 725 698 699 726 726 727 727 702 728 728 729 729 730 730 731 731 732 732 733 734 734 735 736 736 737 712 738 738 739 740 740
741 742 743 715 744 717 718 745 745 746 746 747 747 721 722 723 724 748 749 750 751 751 752 753 753 754 754 755 755 756 756 757 757 758 758 759 759 760 760 761 761 762 762 737 763 764 764 739 765 766
741 742 743 767 744 768 768 769 770 770 771 772 773 773 774 774 775 748 749 750 776 777 778 778 779 780 781 782 783 783 784 784 785 786 787 788 789 790 791 792 793 794 795 796 763 797 798 798 765 799
800 801 802 767 803 804 804 805 806 806 771 772 807 808 808 809 775 810 811 811 776 812 812 813 779 780 781 782 814 814 815 816 785 786 787 788 817 790 791 792 793 794 818 796 819 820 821 822 823 799
800 801 802 824 803 825 825 805 826 827 827 828 829 829 830 830 831 810 832 832 833 833 834 834 835 836 837 838 839 840 815 816 841 842 842 843 817 844 845 846 847 848 818 849 849 820 821 822 850 850
851 851 852 852 853 854 854 855 856 857 857 828 858 858 859 859 860 860 861 861 862 863 864 865 835 836 837 838 839 866 867 868 869 870 870 871 871 844 872 846 847 848 873 874 875 875 876 877 878 879
880 880 881 882 853 883 883 855 856 884 885 886 886 887 887 888 889 890 890 891 862 863 864 865 892 893 894 894 895 866 867 868 869 896 896 897 898 899 872 900 900 901 901 874 902 903 904 877 878 879
905 905 906 882 907 907 908 909 909 910 885 911 911 912 912 888 913 913 914 891 915 915 916 916 892 917 917 918 919 920 921 922 923 923 924 897 898 899 925 926 927 927 928 928 902 903 904 929 930 931
932 932 906 933 934 935 936 937 937 910 938 938 939 940 940 941 942 943 943 944 944 945 945 946 947 947 948 949 919 950 921 922 951 951 952 953 953 954 925 926 955 956 956 957 957 958 958 929 930 931
959 960 960 961 934 935 936 962 963 964 964 965 965 966 967 941 968 968 969 969 970 971 971 972 973 974 948 949 975 950 976 976 977 978 952 979 979 954 980 980 981 982 982 983 983 984 985 986 987 988
959 989 990 961 991 991 992 962 993 994 994 995 996 966 967 997 998 998 999 1000 1000 1001 1001 972 973 974 1002 1002 975 1003 1003 1004 1004 978 1005 1005 1006 1007 1008 1008 981 1009 1010 1010 1011 984 985 986 987 988
1012 989 990 1013 1013 1014 992 1015 993 1016 1016 995 1017 1018 1019 997 1020 1020 999 1021 1022 1022 1023 1023 1024 1025 1025 1026 1026 1027 1028 1028 1029 1030 1030 1031 1006 1007 1032 1032 1033 1009 1034 1034 1035 1035 1036 1037 1037 1038
1039 1040 1041 1042 1043 1043 1044 1044 1045 1046 1046 1047 1017 1018 1019 1048 1048 1049 1049 1050 1050 1051 1051 1052 1024 1053 1053 1054 1055 1055 1056 1056 1029 1057 1058 1058 1059 1059 1060 1060 1061 1062 1063 1064 1065 1065 1066 1066 1067 1067
1039 1040 1041 1068 1068 1069 1070 1071 1071 1072 1073 1047 1074 1075 1075 1076 1077 1077 1078 1079 1080 1081 1082 1082 1083 1083 1084 1084 1085 1085 1086 1087 1087 1088 1088 1089 1089 1090 1091 1092 1061 1062 1063 1064 1093 1094 1094 1095 1096 1097
1098 1099 1100 1101 1102 1069 1070 1103 1104 1072 1105 1106 1074 1107 1108 1076 1109 1109 1078 1110 1080 1081 1111 1112 1113 1113 1114 1114 1115 1115 1086 1116 1117 1117 1118 1118 1119 1090 1091 1092 1120 1121 1122 1123 1093 1124 1124 1095 1096 1125
1098 1099 1100 1126 1102 1127 1127 1103 1104 1128 1105 1106 1129 1107 1108 1130 1131 1131 1132 1110 1133 1133 1111 1112 1134 1135 1135 1136 1136 1137 1137 1116 1138 1138 1139 1140 1141 1142 1143 1143 1120 1121 1144 1123 1145 1146 1147 1148 1148 1125
1149 1150 1150 1126 1151 1151 1152 1153 1153 1128 1154 1155 1129 1156 1156 1130 1157 1157 1132 1158 1159 1160 1160 1161 1162 1163 1164 1165 1165 1166 1166 1167 1167 1168 1139 1140 1141 1142 1169 1169 1170 1170 1144 1171 1145 1146 1147 1172 1173 1174
1149 1175 1175 1176 1176 1177 1152 1178 1179 1180 1154 1155 1181 1181 1182 1183 1183 1184 1184 1158 1159 1185 1185 1161 1162 1163 1164 1186 1186 1187 1188 1189 1189 1168 1190 1191 1191 1192 1193 1194 1195 1195 1196 1171 1197 1198 1199 1172 1173 1200
1201 1202 1203 1204 1204 1205 1206 1178 1207 1180 1208 1208 1209 1210 1211 1212 1213 1214 1214 1215 1215 1216 1217 1217 1218 1218 1219 1219 1220 1187 1221 1221 1222 1223 1224 1224 1225 1226 1193 1227 1227 1228 1228 1229 1229 1198 1199 1230 1231 1200
1232 1202 1203 1233 1234 1205 1235 1235 1207 1236 1236 1237 1209 1210 1211 1238 1213 1239 1239 1240 1241 1216 1242 1243 1244 1245 1246 1247 1220 1248 1248 1249 1222 1223 1250 1251 1225 1226 1252 1253 1253 1254 1255 1255 1256 1256 1257 1230 1231 1258
1232 1259 1259 1233 1260 1260 1261 1261 1262 1263 1263 1237 1264 1265 1266 1238 1267 1268 1269 1240 1270 1270 1242 1243 1244 1245 1246 1271 1272 1273 1274 1249 1275 1276 1250 1251 1277 1277 1252 1278 1278 1254 1279 1279 1280 1281 1282 1283 1284 1258
1285 1285 1286 1287 1287 1288 1289 1289 1290 1290 1291 1292 1264 1265 1266 1293 1267 1268 1269 1294 1295 1295 1296 1297 1298 1298 1299 1271 1272 1300 1274 1301 1275 1276 1302 1303 1304 1304 1305 1305 1306 1307 1307 1308 1309 1281 1282 1283 1284 1310
1311 1312 1312 1313 1314 1315 1316 1316 1317 1318 1291 1292 1319 1319 1320 1320 1321 1321 1322 1294 1323 1323 1296 1324 1325 1326 1326 1327 1328 1300 1329 1301 1330 1331 1302 1332 1333 1334 1334 1335 1306 1336 1337 1308 1309 1338 1339 1339 1340 1310
1311 1341 1341 1313 1314 1315 1342 1342 1317 1343 1343 1344 1344 1345 1346 1346 1347 1347 1322 1348 1348 1349 1349 1324 1325 1350 1350 1327 1328 1351 1351 1352 1330 1331 1353 1332 1333 1354 1354 1355 1355 1336 1356 1356 1357 1357 1358 1358 1359 1359
2 25 91 40 81 33 96 68 16 94 79 18 99 97 99 56 72 3 99 40 90 21 19 7 84 37 49 54 99 93 5 38 61 41 99 18 17 18 55 52 18 78 2 89 22 66 84 8 88 13
46 42 71 91 6 90 56 58 41 51 53 17 86 82 69 37 14 29 32 15 48 9 93 67 81 32 57 48 2 46 65 38 84 57 7 77 91 95 73 31 57 80 82 14 51 14 67 39 34 41
88 60 11 87 63 17 84 1 64 1 74 17 57 91 79 77 99 86 74 72 20 98 69 57 97 6 37 74 79 14 72 76 80 79 67 44 81 1 47 30 70 48 34 83 17 89 99 10 87 77
98 52 32 55 27 86 92 79 16 59 89 83 57 74 33 52 41 53 15 52 37 18 31 14 0 48 52 96 45 11 35 85 35 64 24 42 84 9 23 44 33 1 28 34 68 59 12 46 32 8
3 12 33 60 0 46 90 5 49 86 77 78 28 9 26 22 51 79 94 18 51 37 32 3 87 28 31 68 42 66 97 59 58 33 17 35 43 60 59 40 49 23 64 80 6 56 16 33 26 20
61 21 15 29 48 43 38 40 33 12 31 49 53 6 43 69 48 68 18 88 33 29 49 97 65 10 98 84 78 88 35 17 23 78 40 9 23 62 13 54 4 62 8 59 38 98 5 76 92 36
5 40 29 40 31 12 61 50 51 1 25 93 54 17 94 54 93 98 38 1 65 30 99 0 21 79 94 13 30 6 49 51 59 12 78 30 31 44 42 21 97 33 34 44 68 57 78 71 74 8
14 33 32 30 42 59 94 19 77 65 77 7 33 98 90 53 65 66 43 2 95 31 92 40 79 24 63 31 59 98 49 46 33 48 30 3 60 92 65 96 17 90 25 52 30 57 12 8 87 87
69 25 94 15 49 68 40 38 47 97 53 66 66 48 13 17 20 91 10 20 88 41 40 75 0 31 13 8 9 19 51 62 94 90 97 2 41 63 31 81 24 30 71 22 59 6 17 89 15 74
95 19 65 23 69 39 2 60 11 52 58 37 25 4 85 67 89 7 4 34 19 35 20 37 55 44 14 4 85 24 30 65 74 74 53 95 15 93 89 47 88 91 8 5 0 80 30 44 84 5
43 89 54 79 26 11 46 70 79 89 62 9 94 76 52 3 96 92 75 46 73 32 68 68 18 59 58 41 30 99 5 1 40 30 98 83 95 82 42 28 81 46 72 31 88 75 50 19 60 93
54 65 93 85 86 7 30 33 85 51 97 21 74 32 60 77 23 12 78 33 8 64 50 53 60 62 61 31 29 88 12 89 77 70 74 29 34 79 82 7 39 76 47 34 71 8 14 63 37 65
91 97 98 49 10 70 73 18 99 8 97 46 30 98 39 11 67 58 96 68 13 39 51 96 79 72 97 23 96 64 49 12 46 94 66 94 55 1 58 41 58 25 58 35 2 63 86 95 6 57
26 11 85 81 85 87 86 52 23 11 30 13 17 66 23 18 75 12 69 97 83 80 49 10 74 89 2 3 78 17 50 60 99 77 3 67 65 37 56 79 42 39 90 6 36 76 44 4 23 75
50 28 25 38 17 64 60 64 35 12 17 95 48 9 97 8 1 57 3 13 15 37 50 19 12 26 65 2 50 44 37 42 66 55 67 16 52 73 61 84 9 41 9 93 11 52 15 72 97 72
62 52 67 49 58 89 22 21 21 15 10 26 72 47 49 82 76 52 23 25 42 13 11 22 9 28 40 42 34 45 16 40 21 87 54 23 64 8 56 16 84 52 5 35 17 41 13 82 56 62
41 33 80 12 45 78 45 26 26 91 98 75 68 62 2 39 54 73 21 99 7 63 66 63 37 4 18 69 8 87 2 48 52 32 79 76 45 85 5 80 60 9 49 4 40 41 82 33 34 73
52 61 72 29 58 60 78 36 1 42 60 22 9 87 95 74 18 58 40 82 38 78 26 75 46 76 16 8 57 84 49 37 90 69 97 38 25 3 95 27 32 0 39 91 22 20 11 15 6 38
16 1 9 7 74 55 27 64 19 34 89 25 26 19 30 45 68 94 92 24 56 70 72 38 30 0 51 47 13 42 80 91 53 45 57 63 62 13 43 13 45 56 58 7 97 28 68 20 72 95
65 47 80 63 81 85 47 16 40 3 50 11 27 16 50 83 35 50 35 7 25 68 17 23 44 34 44 92 11 89 67 72 62 63 85 14 84 26 68 94 4 4 50 18 36 24 48 50 19 83
83 42 33 49 14 43 89 47 64 96 38 71 11 52 99 71 79 0 28 74 50 60 64 84 68 77 80 21 12 17 88 64 77 13 46 69 45 93 28 77 86 85 53 11 73 90 26 0 25 61
51 34 19 3 17 0 48 38 28 53 34 67 82 35 39 26 61 55 50 62 41 71 3 61 23 36 8 8 52 56 57 15 10 4 41 7 35 2 23 74 88 53 20 43 36 0 96 11 11 55
55 22 60 98 40 60 19 68 52 41 85 57 80 15 56 78 5 49 39 31 89 94 44 43 56 98 98 51 77 16 48 1 42 26 73 44 84 19 67 40 90 69 95 48 23 91 63 94 72 71
32 6 7 28 69 12 63 88 9 58 34 74 94 92 92 75 61 48 8 99 94 91 29 43 58 57 70 78 93 54 97 75 48 13 64 12 19 59 58 93 50 40 39 89 85 26 71 84 69 92
14 84 56 69 52 13 14 79 0 89 5 38 76 36 81 43 26 71 2 4 17 81 81 94 67 86 28 29 95 78 51 37 7 6 37 4 28 83 43 53 74 4 11 46 87 43 80 42 77 23
21 16 20 44 51 31 68 37 12 72 36 32 23 77 27 26 53 84 79 78 85 55 23 95 77 54 97 10 47 72 17 80 59 73 45 42 56 68 31 34 26 65 34 1 65 47 76 64 34 28
19 77 4 90 1 34 67 27 37 77 61 0 67 86 51 81 43 50 47 78 47 69 84 86 28 96 42 77 76 28 37 3 95 38 66 16 99 65 90 87 3 23 87 16 37 50 39 27 46 28
53 78 36 36 98 71 28 0 90 50 77 88 20 66 74 74 40 88 94 64 70 69 43 87 5 49 86 39 20 72 30 67 1 17 40 51 3 95 66 86 41 42 74 38 16 88 93 31 69 87
48 37 4 96 30 44 59 44 69 0 35 85 24 14 44 89 89 34 69 57 55 41 22 6 11 63 25 79 36 14 45 84 3 9 87 40 42 15 77 4 73 4 82 92 35 97 75 18 92 72
55 98 60 76 37 77 48 24 42 26 31 17 17 97 59 10 19 91 32 91 6 55 99 5 88 70 35 51 61 34 64 63 46 60 32 5 8 46 0 90 59 52 65 40 7 47 38 83 93 81
37 70 50 83 98 43 48 46 29 32 58 55 98 55 85 82 88 78 44 55 10 56 94 24 83 12 38 47 5 92 93 26 52 35 90 98 22 37 25 96 67 11 73 54 94 88 6 49 96 43
2 72 17 19 15 83 66 73 26 77 18 37 41 5 78 97 79 83 74 89 31 32 54 8 97 60 40 16 50 69 42 90 71 4 8 26 60 97 40 67 4 63 20 29 52 44 4 68 50 91
58 96 29 56 15 0 66 84 25 74 63 75 72 69 92 31 17 45 88 73 37 92 93 35 24 11 1 24 9 33 41 14 76 73 30 37 3 93 88 74 76 33 66 85 63 63 47 38 19 69
11 68 29 18 50 17 21 81 1 48 95 36 81 39 42 40 12 24 68 67 14 33 55 91 40 37 1 64 18 83 55 11 89 87 66 40 28 12 77 20 57 29 96 82 40 36 25 39 7 48
59 14 52 54 80 19 33 14 1 2 81 92 44 99 94 35 95 21 36 56 75 58 48 62 17 20 60 71 95 69 98 68 13 5 36 38 25 72 59 40 51 80 2 79 8 3 6 23 10 37
24 59 98 38 26 29 83 1 19 7 47 30 93 65 35 87 8 90 88 70 34 12 23 68 70 77 65 45 75 60 66 47 30 57 13 90 18 74 89 3 98 18 30 41 14 11 41 41 84 12
73 85 64 63 10 72 11 55 7 21 93 29 35 2 33 39 20 66 36 50 25 63 16 77 59 17 83 12 76 8 54 1 84 22 12 4 96 85 17 64 69 57 56 53 72 52 8 65 77 32
38 13 33 34 25 87 21 4 83 2 35 48 50 24 95 74 94 22 56 83 32 59 15 23 2 70 17 88 54 67 63 81 71 47 80 36 35 58 33 60 39 44 70 92 1 28 67 79 91 0
27 35 84 6 95 24 65 25 65 25 40 36 32 17 2 97 93 73 16 83 92 56 2 81 25 1 40 30 55 84 22 20 87 16 44 89 94 40 94 1 61 3 33 97 3 23 74 54 64 59
27 2 61 19 90 57 21 39 27 98 38 56 82 55 73 37 74 16 52 27 21 85 81 26 77 6 68 64 34 14 53 1 1 5 37 20 66 42 36 17 91 95 57 49 99 19 87 55 51 96
49 38 9 4 43 12 78 10 30 24 58 55 32 92 3 64 49 36 12 1 72 92 84 28 96 73 11 62 52 13 16 63 30 19 6 22 95 43 57 18 87 41 53 36 95 8 90 3 56 55
76 59 92 86 98 34 86 99 20 87 12 26 77 3 38 41 9 60 33 24 76 21 31 14 64 94 66 83 79 99 95 32 25 50 63 31 70 20 73 69 95 39 17 83 94 66 66 91 93 69
97 65 22 2 31 78 55 76 59 27 43 36 88 62 28 12 2 46 88 28 77 40 67 69 76 76 33 79 75 24 9 42 2 20 83 60 68 77 87 65 0 43 31 96 71 34 93 55 15 77
39 63 16 20 73 26 69 1 3 35 47 63 89 26 34 22 53 34 82 77 1 21 7 7 15 94 4 51 22 10 68 25 25 66 59 74 43 50 82 50 61 84 58 84 18 78 16 70 31 55
44 0 4 97 43 72 80 21 68 80 73 97 35 62 66 25 78 6 15 89 90 81 45 64 25 42 25 2 83 35 52 30 34 11 81 29 55 10 18 56 44 25 96 7 99 33 45 87 75 47
77 57 74 49 41 83 18 77 52 63 25 70 13 64 98 63 43 67 12 13 88 80 26 92 62 1 2 18 87 90 10 40 89 67 46 7 15 61 88 62 67 65 88 7 50 80 32 82 95 64
2 48 74 64 14 86 20 58 72 21 53 19 68 76 3 23 72 20 58 26 16 11 14 97 56 90 72 39 17 39 90 0 95 10 37 60 99 30 10 45 11 62 57 70 71 56 68 37 63 10
3 2 78 73 29 64 30 48 65 56 58 7 36 71 53 53 33 59 87 43 8 77 15 0 15 87 79 4 38 5 90 30 1 62 81 57 32 93 1 76 18 87 72 8 30 31 17 83 57 49
51 38 42 27 50 41 96 35 10 66 51 34 59 8 88 99 49 42 74 89 86 6 21 95 43 63 10 79 11 64 99 42 91 19 32 83 14 82 1 83 17 65 44 10 18 6 72 37 31 36
47 64 89 48 35 18 49 29 64 66 40 50 57 31 79 23 19 49 96 11 76 27 50 25 66 13 2 54 91 93 37 9 8 20 28 32 82 75 35 13 25 66 63 62 10 63 95 39 76 92
