11 39
1 4 256485
2 1 407641
3 1 987535
4 7 992506
5 11 298636
6 11 615324
7 3 70270
8 6 321232
9 10 767695
10 4 914489
11 10 848286
3 6 156429
7 5 667677
6 5 774647
9 4 415327
8 7 280142
2 11 55670
5 10 394831
9 2 175157
8 2 57969
10 6 362948
11 1 365789
6 2 280222
8 4 455468
5 1 714079
5 3 73747
3 4 90375
8 1 943157
9 1 910469
8 11 203411
11 7 864392
10 7 555296
10 8 522474
5 2 858806
11 4 716913
8 5 652348
6 4 832144
7 6 475881
1 10 526777


1688496
1579192
1579192
1579192
1579192
1579192
1789144
1579192
1579192
1579192
1579192
1702985
1579192
1579192
1579192
1579272
1726933
1579192
1819362
1724634
1611075
1579192
1579192
1579192
1579192
1804081
1854606
1579192
1579192
1579192
1579192
1579192
1579192
1579192
1579192
1579192
1579192
1579192
1579192